t_ms, x_m, y_m, z_m, qw, qx, qy, qz, R00, R01, R02, R10, R11, R12, R20, R21, R22
0.955937, -0.626, 0.535, -1.393, 0.28941, 0.79730, -0.52879, 0.03070, 0.43888, -0.86097, -0.25711, -0.82543, -0.27325, -0.49396, 0.35503, 0.42902, -0.83060
0.957852, -0.639, 0.565, -1.506, 0.25197, 0.75646, -0.60338, -0.01461, 0.27144, -0.90550, -0.32618, -0.92022, -0.14489, -0.36358, 0.28197, 0.39885, -0.87259
0.959768, -0.550, 0.507, -1.380, 0.34905, 0.71002, -0.61014, -0.04204, 0.25192, -0.83708, -0.48564, -0.89577, -0.01178, -0.44437, 0.36625, 0.54696, -0.75279
0.961684, -0.507, 0.487, -1.357, -0.25603, -0.66252, 0.68799, -0.14893, 0.00897, -0.98788, -0.15496, -0.83536, 0.07777, -0.54417, 0.54962, 0.13433, -0.82454
0.963600, -0.490, 0.492, -1.404, -0.12959, -0.59817, 0.77098, -0.17604, -0.25081, -0.96798, 0.01078, -0.87673, 0.22242, -0.42647, 0.41041, -0.11641, -0.90444
0.965515, -0.408, 0.433, -1.261, -0.21954, -0.55595, 0.77056, -0.22126, -0.28544, -0.95394, -0.09231, -0.75964, 0.28392, -0.58509, 0.58435, -0.09688, -0.80570
0.967431, -0.301, 0.339, -1.009, -0.24430, -0.50572, 0.76886, -0.30565, -0.36913, -0.92699, -0.06651, -0.62831, 0.30165, -0.71710, 0.68481, -0.22292, -0.69379
0.999998, 0.171, 0.259, -1.364, 0.32489, 0.62420, 0.69232, 0.15972, -0.00964, 0.76050, 0.64926, 0.96808, 0.16973, -0.18444, -0.25046, 0.62676, -0.73786
1.001913, 0.213, 0.256, -1.410, 0.26747, 0.68263, 0.67477, -0.08466, 0.07503, 0.96652, 0.24538, 0.87595, 0.05371, -0.47941, -0.47654, 0.25091, -0.84259
1.003829, 0.254, 0.249, -1.441, 0.17108, 0.72521, 0.64793, -0.15808, 0.11039, 0.99386, -0.00759, 0.88568, -0.10183, -0.45299, -0.45098, 0.04328, -0.89148
1.005745, 0.287, 0.234, -1.427, 0.17454, 0.76841, 0.59263, -0.16692, 0.24185, 0.96904, -0.04965, 0.85251, -0.23665, -0.46608, -0.46340, 0.07040, -0.88335
1.007661, 0.323, 0.223, -1.435, 0.18355, 0.81032, 0.53607, -0.14939, 0.38062, 0.92362, -0.04532, 0.81394, -0.35787, -0.45765, -0.43891, 0.13730, -0.88798
1.009576, 0.372, 0.218, -1.493, 0.18413, 0.85429, 0.48005, -0.07646, 0.52742, 0.84835, 0.04615, 0.79204, -0.47130, -0.38801, -0.30742, 0.24120, -0.92050
1.011492, 0.413, 0.208, -1.512, 0.11548, 0.88837, 0.43208, -0.10376, 0.60509, 0.79166, -0.08456, 0.74373, -0.59995, -0.29483, -0.28414, 0.11551, -0.95180
1.013408, 0.451, 0.196, -1.519, 0.13543, 0.91820, 0.36425, -0.07673, 0.72287, 0.68969, -0.04225, 0.64813, -0.69796, -0.30460, -0.23957, 0.19280, -0.95154
1.015323, 0.478, 0.179, -1.492, 0.11991, 0.93946, 0.30008, -0.11396, 0.79393, 0.59116, -0.14216, 0.53650, -0.79114, -0.29369, -0.28609, 0.15690, -0.94527
1.017239, 0.520, 0.169, -1.511, 0.12184, 0.96068, 0.23494, -0.08405, 0.87548, 0.47187, -0.10425, 0.43091, -0.85992, -0.27358, -0.21875, 0.19459, -0.95618
1.019155, 0.543, 0.153, -1.479, 0.16262, 0.97060, 0.15687, -0.08290, 0.93704, 0.33148, -0.10991, 0.27756, -0.89789, -0.34169, -0.21195, 0.28967, -0.93336
1.021070, 0.609, 0.148, -1.561, 0.13473, 0.98632, 0.09472, 0.00749, 0.98194, 0.18484, 0.04030, 0.18887, -0.94575, -0.26436, -0.01075, 0.26720, -0.96358
1.022986, 0.641, 0.134, -1.552, 0.15995, 0.98659, 0.01685, 0.02791, 0.99787, 0.02432, 0.06046, 0.04218, -0.94827, -0.31466, 0.04968, 0.31654, -0.94728
1.024902, 0.713, 0.128, -1.638, 0.05719, 0.98914, -0.03097, 0.13179, 0.96334, -0.07634, 0.25718, -0.04619, -0.99154, -0.12130, 0.26426, 0.10498, -0.95872
1.026817, 0.736, 0.112, -1.604, 0.11600, 0.97977, -0.11199, 0.11851, 0.94683, -0.24695, 0.20624, -0.19197, -0.94800, -0.25384, 0.25820, 0.20076, -0.94500
1.028733, 0.785, 0.100, -1.631, 0.06031, 0.97388, -0.16807, 0.14026, 0.90416, -0.34427, 0.25292, -0.31043, -0.93623, -0.16462, 0.29347, 0.07032, -0.95338
1.030649, 0.793, 0.084, -1.573, 0.14537, 0.93325, -0.25421, 0.20807, 0.78417, -0.53497, 0.31445, -0.41398, -0.82849, -0.37712, 0.46227, 0.16555, -0.87115
1.032565, 0.849, 0.073, -1.613, 0.06644, 0.94195, -0.30179, 0.13129, 0.78337, -0.58599, 0.20723, -0.55110, -0.80902, -0.20441, 0.28744, 0.04593, -0.95670
1.034480, 0.851, 0.058, -1.549, 0.15069, 0.88508, -0.38852, 0.20732, 0.61214, -0.75023, 0.24989, -0.62527, -0.65268, -0.42784, 0.48407, 0.10565, -0.86863
1.036396, 0.855, 0.044, -1.495, 0.18294, 0.83557, -0.45402, 0.24943, 0.46330, -0.84999, 0.25072, -0.66746, -0.52080, -0.53222, 0.58296, 0.07923, -0.80863
1.038312, 0.887, 0.032, -1.491, 0.18097, 0.80845, -0.51492, 0.22029, 0.37267, -0.91229, 0.16981, -0.75283, -0.40422, -0.51947, 0.54255, 0.06575, -0.83745
1.040227, 0.948, 0.021, -1.535, 0.13498, 0.77823, -0.56528, 0.23791, 0.24772, -0.94406, 0.21769, -0.81561, -0.32448, -0.47906, 0.52289, -0.05888, -0.85036
1.042143, 0.938, 0.008, -1.465, 0.18502, 0.73625, -0.62443, 0.18382, 0.15260, -0.98749, 0.03962, -0.85145, -0.15172, -0.50201, 0.50174, 0.04287, -0.86395
1.045974, 1.060, -0.017, -1.544, 0.06115, 0.71535, -0.69553, 0.02764, 0.03094, -0.99848, -0.04553, -0.99172, -0.02499, -0.12594, 0.12461, 0.04905, -0.99099
1.047890, 1.153, -0.031, -1.626, -0.02859, -0.64770, 0.75129, -0.12338, -0.15933, -0.98028, 0.11687, -0.96617, 0.13052, -0.22242, 0.20278, -0.14836, -0.96792
1.051721, 1.311, -0.061, -1.741, 0.16425, -0.49920, 0.79991, -0.28977, -0.44765, -0.70343, 0.55208, -0.89382, 0.33367, -0.29959, 0.02653, -0.62757, -0.77811
1.408040, 1.025, -0.422, -1.454, 0.00731, 0.27821, 0.80494, -0.52405, -0.84509, 0.45554, -0.27983, 0.44023, 0.29595, -0.84771, -0.30335, -0.83958, -0.45064
1.411872, 1.646, -0.687, -2.365, 0.07250, 0.15924, 0.96517, -0.19450, -0.93877, 0.33560, 0.07801, 0.27919, 0.87362, -0.39855, -0.20190, -0.35237, -0.91382
1.415703, 1.712, -0.721, -2.491, 0.19007, 0.08644, 0.97472, -0.07947, -0.91280, 0.19871, 0.35680, 0.13829, 0.97243, -0.18779, -0.38428, -0.12207, -0.91511
1.417619, 1.689, -0.715, -2.474, 0.17282, 0.11098, 0.96570, -0.15890, -0.91563, 0.26926, 0.29852, 0.15942, 0.92487, -0.34525, -0.36906, -0.26853, -0.88977
1.421450, 1.241, -0.530, -1.841, -0.08011, 0.17163, 0.92206, -0.33754, -0.92825, 0.26242, -0.26359, 0.37058, 0.71322, -0.59497, 0.03187, -0.64996, -0.75930
1.427197, 0.594, -0.257, -0.898, -0.03103, 0.22130, 0.74822, -0.62468, -0.90012, 0.29239, -0.32293, 0.36994, 0.12160, -0.92106, -0.23005, -0.94854, -0.21762
1.429113, 0.646, -0.281, -0.985, 0.04559, 0.21461, 0.71814, -0.66040, -0.90372, 0.36846, -0.21799, 0.24803, 0.03562, -0.96810, -0.34894, -0.92896, -0.12358
1.431029, 1.475, -0.648, -2.262, 0.26848, 0.11004, 0.86861, -0.40166, -0.83162, 0.40684, 0.37801, -0.02451, 0.65313, -0.75685, -0.55481, -0.63867, -0.53318
1.434860, 1.526, -0.678, -2.373, 0.44331, 0.01818, 0.86379, -0.23878, -0.60629, 0.24311, 0.75717, -0.18031, 0.88531, -0.42863, -0.77453, -0.39640, -0.49292
1.436776, 1.200, -0.535, -1.878, 0.27666, 0.12512, 0.77579, -0.55314, -0.81561, 0.50020, 0.29083, -0.11192, 0.35677, -0.92747, -0.56768, -0.78900, -0.23500
1.438691, 1.560, -0.700, -2.455, 0.12913, 0.01516, 0.97681, -0.17013, -0.96619, 0.07356, 0.24711, -0.01432, 0.94165, -0.33629, -0.25743, -0.32845, -0.90876
1.440607, 1.130, -0.510, -1.792, 0.44200, 0.06823, 0.73814, -0.50510, -0.59996, 0.54724, 0.58359, -0.34578, 0.48043, -0.80599, -0.72145, -0.68535, -0.09901
1.442523, 1.440, -0.654, -2.299, 0.33469, 0.03342, 0.85646, -0.39160, -0.77374, 0.31938, 0.54711, -0.20488, 0.69106, -0.69315, -0.59947, -0.64840, -0.46927
1.444439, 1.235, -0.563, -1.985, 0.21904, 0.08016, 0.81307, -0.53340, -0.89119, 0.36402, 0.27068, -0.10333, 0.41812, -0.90250, -0.44171, -0.83227, -0.33501
1.446354, 1.538, -0.707, -2.489, 0.35544, -0.05384, 0.91523, -0.18199, -0.74153, 0.03082, 0.67021, -0.22793, 0.92796, -0.29485, -0.63102, -0.37140, -0.68109
1.448270, 1.448, -0.668, -2.360, 0.38185, -0.02111, 0.86763, -0.31775, -0.70749, 0.20604, 0.67602, -0.27929, 0.79718, -0.53526, -0.64919, -0.56750, -0.50645
1.450186, 1.414, -0.656, -2.320, 0.50056, -0.08565, 0.84406, -0.17225, -0.48421, 0.02786, 0.87451, -0.31703, 0.92599, -0.20504, -0.81550, -0.37653, -0.43954
1.452101, 1.343, -0.627, -2.219, 0.36501, -0.01074, 0.83271, -0.41622, -0.73331, 0.28596, 0.61683, -0.32173, 0.65329, -0.68535, -0.59895, -0.70103, -0.38706
1.454017, 1.362, -0.639, -2.267, 0.31058, -0.00785, 0.84840, -0.42860, -0.80695, 0.25291, 0.53373, -0.27956, 0.63248, -0.72237, -0.52026, -0.73213, -0.43968
1.455933, 1.338, -0.631, -2.241, 0.45938, -0.05519, 0.81658, -0.34514, -0.57186, 0.22697, 0.78833, -0.40723, 0.75566, -0.51297, -0.71214, -0.61438, -0.33970
1.457848, 1.523, -0.722, -2.566, 0.23367, -0.09374, 0.95686, -0.14504, -0.87322, -0.11161, 0.47437, -0.24718, 0.94035, -0.23376, -0.41998, -0.32138, -0.84872
1.459764, 1.387, -0.661, -2.356, 0.34903, -0.05265, 0.85736, -0.37461, -0.75081, 0.17122, 0.63795, -0.35178, 0.71380, -0.60559, -0.55905, -0.67910, -0.47569
1.461680, 1.332, -0.638, -2.277, 0.41370, -0.06927, 0.82723, -0.37382, -0.64810, 0.19470, 0.73624, -0.42390, 0.71093, -0.56116, -0.63267, -0.67578, -0.37822
1.463596, 1.400, -0.675, -2.410, 0.48015, -0.15668, 0.85533, -0.11538, -0.48982, -0.15723, 0.85753, -0.37883, 0.92428, -0.04692, -0.78522, -0.34784, -0.51229
1.465511, 1.278, -0.619, -2.214, 0.28384, -0.03002, 0.82303, -0.49108, -0.83707, 0.22936, 0.49670, -0.32820, 0.51587, -0.79130, -0.43773, -0.82539, -0.35655
1.467427, 1.306, -0.636, -2.279, 0.27846, -0.04944, 0.83541, -0.47129, -0.84003, 0.17987, 0.51185, -0.34507, 0.55089, -0.75990, -0.41866, -0.81497, -0.40070
1.469343, 1.352, -0.662, -2.377, 0.32848, -0.08491, 0.84964, -0.40374, -0.76978, 0.12095, 0.62675, -0.40954, 0.65957, -0.63027, -0.48962, -0.74185, -0.45819
1.471258, 1.150, -0.566, -2.035, 0.41754, -0.06981, 0.76421, -0.48658, -0.64157, 0.29964, 0.70612, -0.51304, 0.51673, -0.68541, -0.57025, -0.80200, -0.17779
1.473174, 1.331, -0.659, -2.371, 0.42494, -0.13415, 0.83208, -0.33025, -0.60285, 0.05743, 0.79578, -0.50392, 0.74588, -0.43558, -0.61857, -0.66360, -0.42072
1.475090, 1.272, -0.633, -2.282, 0.18663, -0.06142, 0.84152, -0.50323, -0.92279, 0.08446, 0.37593, -0.29122, 0.48597, -0.82403, -0.25229, -0.86989, -0.42385
1.477005, 1.450, -0.727, -2.620, 0.29490, -0.21203, 0.92886, -0.07280, -0.73615, -0.35096, 0.57872, -0.43683, 0.89949, -0.01018, -0.51697, -0.26029, -0.81547
1.478921, 1.094, -0.551, -1.990, 0.45115, -0.11045, 0.74855, -0.47321, -0.56852, 0.26162, 0.77996, -0.59234, 0.52774, -0.60879, -0.57089, -0.80811, -0.14507
1.480837, 1.315, -0.666, -2.409, 0.39722, -0.15625, 0.83043, -0.35803, -0.63560, 0.02492, 0.77162, -0.54394, 0.69480, -0.47050, -0.54785, -0.71877, -0.42806
1.482752, 1.145, -0.583, -2.113, 0.53224, -0.18709, 0.75809, -0.32713, -0.36343, 0.06456, 0.92938, -0.63188, 0.71597, -0.29683, -0.68458, -0.69514, -0.21941
1.484668, 1.131, -0.580, -2.104, 0.59586, -0.23776, 0.74555, -0.18048, -0.17684, -0.13945, 0.97431, -0.56961, 0.82179, 0.01423, -0.80267, -0.55246, -0.22475
1.486584, 1.314, -0.677, -2.461, 0.30094, -0.15309, 0.83467, -0.43512, -0.77199, 0.00633, 0.63560, -0.51745, 0.57447, -0.63422, -0.36915, -0.81850, -0.44021
1.488500, 1.422, -0.737, -2.679, 0.05554, -0.20678, 0.96359, -0.16016, -0.90831, -0.38071, 0.17327, -0.41629, 0.86318, -0.28570, -0.04079, -0.33163, -0.94253
1.490415, 1.071, -0.558, -2.035, 0.54707, -0.21260, 0.73195, -0.34608, -0.31103, 0.06743, 0.94800, -0.68989, 0.67006, -0.27401, -0.65369, -0.73924, -0.16189
1.492331, 1.123, -0.589, -2.149, 0.57344, -0.26444, 0.74540, -0.21359, -0.20249, -0.14926, 0.96784, -0.63918, 0.76891, -0.01515, -0.74192, -0.62170, -0.25110
1.494247, 1.264, -0.666, -2.434, 0.48312, -0.25832, 0.80343, -0.23316, -0.39973, -0.18980, 0.89677, -0.64037, 0.75782, -0.12506, -0.65585, -0.62425, -0.42447
1.496162, 1.246, -0.661, -2.417, 0.45798, -0.24775, 0.79522, -0.31063, -0.45775, -0.10950, 0.88231, -0.67856, 0.68426, -0.26712, -0.57448, -0.72097, -0.38752
1.498078, 1.194, -0.637, -2.332, 0.48016, -0.25094, 0.77387, -0.32802, -0.41296, -0.07338, 0.90779, -0.70339, 0.65887, -0.26672, -0.57854, -0.74867, -0.32370
1.499994, 1.407, -0.754, -2.766, 0.26621, -0.25143, 0.87937, -0.30434, -0.73183, -0.28016, 0.62124, -0.60424, 0.68832, -0.40139, -0.31516, -0.66913, -0.67301
1.501909, 1.307, -0.705, -2.590, 0.42384, -0.27849, 0.81559, -0.27860, -0.48559, -0.21811, 0.84654, -0.69044, 0.68965, -0.21836, -0.53619, -0.69052, -0.48548
1.503825, 1.436, -0.779, -2.864, 0.23779, -0.29137, 0.90360, -0.20509, -0.71713, -0.42902, 0.54924, -0.62410, 0.74609, -0.23208, -0.31022, -0.50921, -0.80279
1.505741, 0.979, -0.534, -1.968, 0.60218, -0.31795, 0.69542, -0.22953, -0.07258, -0.16577, 0.98349, -0.71865, 0.69245, 0.06369, -0.69158, -0.70216, -0.16939
1.507656, 1.237, -0.679, -2.505, 0.40526, -0.27638, 0.78252, -0.38346, -0.51876, -0.12174, 0.84621, -0.74335, 0.55314, -0.37612, -0.42228, -0.82414, -0.37745
1.509572, 1.401, -0.773, -2.856, 0.20348, -0.27132, 0.87030, -0.35716, -0.76996, -0.32690, 0.54799, -0.61761, 0.59764, -0.51126, -0.16037, -0.73209, -0.66206
1.511488, 1.300, -0.722, -2.669, 0.43723, -0.36429, 0.81241, -0.12691, -0.35225, -0.48093, 0.80289, -0.70289, 0.70237, 0.11235, -0.61796, -0.52476, -0.58545
1.513404, 1.009, -0.564, -2.089, 0.60133, -0.37679, 0.69359, -0.12397, 0.00714, -0.37359, 0.92757, -0.67177, 0.68532, 0.28119, -0.74073, -0.62512, -0.24607
1.515319, 1.313, -0.738, -2.734, 0.24732, -0.40175, 0.87503, 0.10843, -0.55486, -0.75672, 0.34569, -0.64946, 0.65367, 0.38848, -0.51994, -0.00896, -0.85415
1.517235, 1.281, -0.723, -2.689, 0.35071, -0.31641, 0.78813, -0.39464, -0.55377, -0.22194, 0.80255, -0.77556, 0.48828, -0.40011, -0.30307, -0.84399, -0.44252
1.519151, 1.035, -0.589, -2.189, 0.50151, -0.43389, 0.73598, 0.13623, -0.12045, -0.77531, 0.61999, -0.50202, 0.58636, 0.63573, -0.85643, -0.23467, -0.45985
1.521066, 1.283, -0.733, -2.731, 0.31954, -0.32000, 0.78004, -0.43246, -0.59098, -0.22285, 0.77529, -0.77561, 0.42116, -0.47017, -0.22174, -0.87919, -0.42174
1.522982, 1.422, -0.817, -3.050, 0.17990, -0.40797, 0.89285, -0.06339, -0.60240, -0.70570, 0.37297, -0.75131, 0.65909, 0.03360, -0.26953, -0.25997, -0.92724
1.524898, 1.373, -0.794, -2.964, 0.35007, -0.41038, 0.82502, -0.16847, -0.41807, -0.55920, 0.71590, -0.79510, 0.60641, 0.00935, -0.43936, -0.56530, -0.69814
1.526813, 1.288, -0.749, -2.805, 0.41107, -0.41443, 0.78252, -0.21662, -0.31853, -0.47052, 0.82289, -0.82669, 0.56265, 0.00171, -0.46381, -0.67974, -0.56819
1.530645, 1.359, -0.799, -3.000, 0.30522, -0.40093, 0.81015, -0.29958, -0.49219, -0.46675, 0.73478, -0.83251, 0.49901, -0.24067, -0.25433, -0.73016, -0.63418
1.532560, 1.067, -0.632, -2.376, 0.53027, -0.48164, 0.69710, 0.02989, 0.02631, -0.70320, 0.71050, -0.63980, 0.53427, 0.55247, -0.76809, -0.46911, -0.43585
1.534476, 1.451, -0.863, -3.250, 0.14999, -0.43692, 0.86280, -0.20537, -0.57322, -0.69234, 0.43828, -0.81555, 0.53385, -0.22333, -0.07936, -0.48546, -0.87065
1.536392, 1.170, -0.701, -2.642, 0.48430, -0.47933, 0.72748, -0.08035, -0.07138, -0.61959, 0.78168, -0.77524, 0.52757, 0.34738, -0.62762, -0.58119, -0.51799
1.538308, 0.508, -0.306, -1.154, 0.27491, -0.47820, 0.71757, 0.42525, -0.39150, -0.92010, -0.01218, -0.45248, 0.18097, 0.87322, -0.80124, 0.34737, -0.48718
1.542139, 0.914, -0.558, -2.111, 0.54501, -0.51676, 0.64892, 0.12179, 0.12814, -0.80342, 0.58146, -0.53792, 0.43626, 0.72133, -0.83320, -0.40521, -0.37627
1.544055, 1.090, -0.669, -2.535, 0.36888, -0.53231, 0.74081, 0.17825, -0.16114, -0.92019, 0.35677, -0.65718, 0.36974, 0.65681, -0.73630, -0.12862, -0.66432
1.545970, 0.993, -0.614, -2.329, 0.53800, -0.53220, 0.65285, 0.03314, 0.14537, -0.73056, 0.66720, -0.65924, 0.43133, 0.61592, -0.73775, -0.52938, -0.41891
1.547886, 1.236, -0.768, -2.917, 0.35631, -0.54824, 0.75342, 0.06946, -0.14494, -0.87562, 0.46075, -0.77662, 0.38921, 0.49535, -0.61307, -0.28604, -0.73643
1.549802, 1.386, -0.865, -3.294, 0.10713, -0.53787, 0.83608, 0.01370, -0.39845, -0.90234, 0.16440, -0.89647, 0.42102, 0.13815, -0.19387, -0.09233, -0.97667
1.551717, 1.410, -0.886, -3.377, 0.09784, -0.54069, 0.83435, -0.04410, -0.39616, -0.89362, 0.21096, -0.91088, 0.41142, 0.03222, -0.11558, -0.17939, -0.97696
1.553633, 1.221, -0.772, -2.948, 0.41188, -0.56674, 0.71292, -0.03005, -0.01831, -0.78333, 0.62134, -0.83284, 0.35580, 0.42402, -0.55321, -0.50971, -0.65890
1.555549, 1.003, -0.639, -2.440, 0.51708, -0.57050, 0.63801, 0.00994, 0.18568, -0.73826, 0.64846, -0.71770, 0.34886, 0.60267, -0.67115, -0.57730, -0.46507
1.557464, 1.398, -0.895, -3.426, 0.22855, -0.57699, 0.78052, -0.07506, -0.22971, -0.86639, 0.44339, -0.93502, 0.32290, 0.14656, -0.27015, -0.38091, -0.88427
1.559380, 1.235, -0.796, -3.051, 0.36521, -0.59449, 0.71603, 0.02239, -0.02641, -0.86770, 0.49638, -0.83500, 0.29216, 0.46628, -0.54962, -0.40216, -0.73224
1.561296, 1.429, -0.926, -3.555, -0.03024, -0.55135, 0.81114, -0.19273, -0.39019, -0.90611, 0.16346, -0.88279, 0.31773, -0.34601, 0.26159, -0.27931, -0.92388
1.563212, 1.228, -0.800, -3.079, -0.06534, -0.44558, 0.72344, -0.52328, -0.59438, -0.71308, 0.37179, -0.57632, 0.05527, -0.81535, 0.56086, -0.69890, -0.44382
1.565127, 1.402, -0.920, -3.541, 0.18594, -0.60523, 0.76943, -0.08422, -0.19823, -0.90005, 0.38809, -0.96269, 0.25320, 0.09548, -0.18420, -0.35468, -0.91666
1.567043, 1.044, -0.690, -2.657, 0.43544, -0.62129, 0.64099, 0.11631, 0.15121, -0.89777, 0.41369, -0.69519, 0.20094, 0.69017, -0.70275, -0.39196, -0.59373
1.570874, 1.343, -0.898, -3.473, -0.11671, -0.53457, 0.75589, -0.35950, -0.40123, -0.89207, 0.20792, -0.72424, 0.16999, -0.66827, 0.56079, -0.41871, -0.71428
1.572790, 1.145, -0.770, -2.981, -0.25462, -0.56752, 0.78084, 0.05816, -0.22618, -0.85666, -0.46365, -0.91590, 0.34908, -0.19818, 0.33163, 0.37983, -0.86357
1.574706, 1.169, -0.791, -3.069, -0.25760, -0.48933, 0.71509, -0.42761, -0.38840, -0.92013, 0.05007, -0.47951, 0.15541, -0.86366, 0.78690, -0.35946, -0.50158
1.580453, 1.369, -0.945, -3.680, -0.06036, -0.60958, 0.72846, -0.30680, -0.24955, -0.92514, 0.28609, -0.85106, 0.06859, -0.52056, 0.46197, -0.37339, -0.80446
1.582368, 0.422, -0.293, -1.144, 0.02203, 0.36304, -0.51886, 0.77363, -0.73544, -0.41082, 0.53885, -0.34264, -0.46060, -0.81881, 0.58458, -0.78681, 0.19798
1.584284, 1.117, -0.780, -3.049, -0.34050, -0.59136, 0.72428, -0.09883, -0.06870, -0.92393, -0.37634, -0.78932, 0.28104, -0.54589, 0.61013, 0.25955, -0.74858
1.586200, 1.256, -0.885, -3.458, -0.21366, 0.71142, -0.66782, -0.04729, 0.10355, -0.97042, 0.21808, -0.93000, -0.01672, 0.36717, -0.35266, -0.24084, -0.90423
1.588116, 0.877, -0.622, -2.433, -0.49250, 0.69268, -0.52670, -0.01489, 0.44473, -0.74433, 0.49818, -0.71501, 0.03995, 0.69797, -0.53943, -0.66661, -0.51444
1.591947, 1.184, -0.850, -3.335, -0.20983, 0.72836, -0.63918, -0.13006, 0.14908, -0.98568, 0.07878, -0.87652, -0.09485, 0.47192, -0.45769, -0.13941, -0.87811
1.597694, 0.729, -0.535, -2.105, -0.15882, 0.52229, -0.46972, 0.69379, -0.40397, -0.27028, 0.87393, -0.71105, -0.50827, -0.48587, 0.57551, -0.81769, 0.01314
1.601525, 1.031, -0.763, -3.012, 0.38626, 0.66687, -0.63642, 0.03249, 0.18783, -0.87392, -0.44832, -0.82372, 0.10845, -0.55652, 0.53497, 0.47382, -0.69949
1.603441, 0.615, -0.457, -1.805, 0.03671, 0.70939, -0.57956, -0.39941, 0.00917, -0.79294, -0.60923, -0.85159, -0.32554, 0.41089, -0.52414, 0.51504, -0.67824
1.605357, 1.183, -0.884, -3.500, 0.13341, 0.69928, -0.54969, 0.43710, 0.01358, -0.88539, 0.46465, -0.65214, -0.36010, -0.66711, 0.75798, -0.29396, -0.58229
1.607273, 1.246, -0.936, -3.707, -0.13962, 0.81540, -0.53219, 0.18002, 0.36873, -0.81762, 0.44219, -0.91816, -0.39456, 0.03608, 0.14497, -0.41930, -0.89620
1.609188, 1.044, -0.788, -3.123, 0.06677, 0.80421, -0.55764, -0.19450, 0.30241, -0.87095, -0.38729, -0.92289, -0.36915, 0.10953, -0.23837, 0.32431, -0.91543
1.611104, 0.674, -0.510, -2.021, 0.40535, 0.68017, -0.55247, -0.26044, 0.25389, -0.54042, -0.80218, -0.96269, -0.06093, -0.26364, 0.09360, 0.83919, -0.53573
1.613020, 0.737, -0.560, -2.215, 0.34852, 0.69893, -0.55965, -0.27718, 0.21992, -0.58911, -0.77755, -0.97551, -0.13065, -0.17692, 0.00264, 0.79742, -0.60341
1.614935, 0.615, -0.471, -1.856, -0.30001, 0.61440, -0.32724, 0.65224, -0.06501, -0.01076, 0.99783, -0.79346, -0.60582, -0.05823, 0.60513, -0.79553, 0.03085
1.616851, 1.202, -0.923, -3.631, 0.11022, 0.82385, -0.55216, -0.06510, 0.38175, -0.89545, -0.22898, -0.92415, -0.36594, -0.10971, 0.01444, 0.25350, -0.96723
1.622598, 0.745, -0.579, -2.264, -0.30780, 0.63879, -0.34542, 0.61473, 0.00558, -0.06288, 0.99801, -0.81973, -0.57189, -0.03145, 0.57273, -0.81792, -0.05474
1.630261, 1.102, -0.868, -3.357, -0.09507, 0.83422, -0.50575, -0.19814, 0.40992, -0.88149, -0.23442, -0.80614, -0.47036, 0.35903, -0.42674, 0.04180, -0.90341
1.637924, 0.818, -0.655, -2.510, -0.47356, 0.74819, -0.33919, 0.31764, 0.56811, -0.20672, 0.79657, -0.80841, -0.32137, 0.49315, 0.15405, -0.92411, -0.34969
1.639839, 0.833, -0.669, -2.556, -0.41303, 0.69188, -0.32344, 0.49607, 0.29859, -0.03778, 0.95363, -0.85736, -0.44957, 0.25064, 0.41926, -0.89244, -0.16663
1.643671, 1.194, -0.965, -3.674, -0.26556, 0.83776, -0.42143, 0.22367, 0.54474, -0.58732, 0.59859, -0.82491, -0.50375, 0.25643, 0.15094, -0.63347, -0.75890
1.647502, 1.040, -0.847, -3.209, -0.30934, 0.85703, -0.40803, -0.05768, 0.66037, -0.73507, 0.15357, -0.66370, -0.47565, 0.57729, -0.35131, -0.48315, -0.80197
1.649418, 0.733, -0.600, -2.268, -0.37931, 0.67013, -0.31309, 0.55590, 0.18590, 0.00209, 0.98257, -0.84134, -0.51620, 0.16027, 0.50753, -0.85647, -0.09420
1.651333, 0.894, -0.732, -2.764, 0.02655, 0.79473, -0.51354, -0.32246, 0.26460, -0.79913, -0.53980, -0.83337, -0.47115, 0.28899, -0.48527, 0.37339, -0.79063
1.883132, 0.769, -0.960, -3.161, -0.24400, 0.86534, 0.42067, -0.12120, 0.61668, 0.66890, -0.41505, 0.78720, -0.52700, 0.32031, -0.00448, -0.52426, -0.85155
1.885048, 0.570, -0.714, -2.349, -0.25021, 0.73095, 0.49911, 0.39241, 0.19380, 0.92603, 0.32390, 0.53328, -0.37656, 0.75750, 0.82344, 0.02592, -0.56681
1.886964, 0.425, -0.535, -1.756, -0.30097, 0.69649, 0.50095, 0.41636, 0.15138, 0.94845, 0.27844, 0.44719, -0.31692, 0.83641, 0.88153, -0.00210, -0.47211
1.888879, 0.713, -0.898, -2.954, -0.23610, 0.81011, 0.49722, 0.20185, 0.42406, 0.90092, 0.09226, 0.71029, -0.39406, 0.58327, 0.56184, -0.18181, -0.80702
1.890795, 0.611, -0.773, -2.541, -0.29218, 0.78175, 0.50297, 0.22477, 0.39300, 0.91774, 0.05751, 0.65504, -0.32331, 0.68293, 0.64534, -0.23072, -0.72822
1.892711, 0.701, -0.889, -2.925, -0.27302, 0.83576, 0.47201, -0.06460, 0.54606, 0.75371, -0.36572, 0.82425, -0.40533, 0.39537, 0.14976, -0.51734, -0.84258
1.894626, 0.883, -1.123, -3.696, 0.03990, 0.84601, 0.52027, 0.10955, 0.43464, 0.87156, 0.22688, 0.88905, -0.45545, 0.04647, 0.14384, 0.18151, -0.97281
1.896542, 0.558, -0.713, -2.340, -0.30541, 0.76677, 0.51636, 0.22841, 0.36241, 0.93137, 0.03487, 0.65233, -0.28020, 0.70424, 0.66567, -0.23247, -0.70911
1.898458, 0.400, -0.512, -1.679, -0.39554, 0.74222, 0.50571, 0.19214, 0.41468, 0.90269, -0.11485, 0.59870, -0.17560, 0.78149, 0.68528, -0.39283, -0.61326
1.900374, 0.605, -0.777, -2.551, -0.24593, 0.76274, 0.53803, 0.26127, 0.28451, 0.94927, 0.13392, 0.69225, -0.30007, 0.65631, 0.66321, -0.09402, -0.74251
1.902289, 0.580, -0.746, -2.449, -0.27903, 0.76762, 0.53906, 0.20571, 0.33420, 0.94238, 0.01498, 0.71278, -0.26312, 0.65016, 0.61664, -0.20661, -0.75965
1.904205, 0.631, -0.814, -2.672, -0.27515, 0.80222, 0.52862, 0.03608, 0.43852, 0.86799, -0.23300, 0.82828, -0.28972, 0.47960, 0.34878, -0.40331, -0.84598
1.906121, 0.729, -0.943, -3.097, 0.01020, 0.75732, 0.57218, 0.31461, 0.14726, 0.86022, 0.48819, 0.87306, -0.34501, 0.34458, 0.46484, 0.37548, -0.80183
1.908036, 0.682, -0.883, -2.898, -0.18597, 0.78890, 0.56495, 0.15456, 0.31389, 0.94886, 0.03373, 0.83389, -0.29249, 0.46806, 0.45399, -0.11879, -0.88305
1.909952, 0.748, -0.971, -3.189, 0.00439, 0.76681, 0.58883, 0.25546, 0.17604, 0.90080, 0.39695, 0.90528, -0.30652, 0.29412, 0.38662, 0.30757, -0.86944
1.911868, 0.680, -0.884, -2.901, -0.00428, 0.80732, 0.49200, -0.32582, 0.30355, 0.79162, -0.53028, 0.79719, -0.51583, -0.31370, -0.52187, -0.32751, -0.78765
1.913783, 0.604, -0.787, -2.582, -0.27175, 0.78025, 0.56260, 0.02907, 0.36527, 0.89374, -0.26041, 0.86214, -0.21926, 0.45678, 0.35114, -0.39136, -0.85061
1.915699, 0.800, -1.045, -3.428, 0.04132, 0.79883, 0.59809, 0.04949, 0.27969, 0.95145, 0.12849, 0.95963, -0.28117, -0.00683, 0.02963, 0.12521, -0.99169
1.917615, 0.556, -0.728, -2.384, -0.22185, 0.69799, 0.59926, 0.32323, 0.07282, 0.97997, 0.18534, 0.69314, -0.18334, 0.69710, 0.71712, 0.07770, -0.69260
1.919531, 0.468, -0.614, -2.010, -0.32614, 0.70883, 0.58763, 0.21420, 0.21761, 0.97278, -0.07964, 0.69334, -0.09663, 0.71410, 0.68697, -0.21061, -0.69550
1.921446, 0.693, -0.909, -2.978, -0.16980, 0.78463, 0.58523, -0.11415, 0.28894, 0.87961, -0.37788, 0.95715, -0.25734, 0.13285, 0.01961, -0.40007, -0.91627
1.923362, 0.698, -0.918, -3.006, -0.16062, 0.76791, 0.61692, 0.06267, 0.23096, 0.96761, -0.10193, 0.92735, -0.18722, 0.32400, 0.29443, -0.16936, -0.94055
1.925278, 0.683, -0.901, -2.946, -0.11199, 0.72713, 0.63211, 0.24326, 0.08252, 0.97374, 0.21218, 0.86477, -0.17578, 0.47040, 0.49534, 0.14467, -0.85657
1.927193, 0.731, -0.965, -3.158, -0.09501, 0.77846, 0.60226, -0.14921, 0.23005, 0.90931, -0.34675, 0.96601, -0.25652, -0.03181, -0.11787, -0.32764, -0.93742
1.929109, 0.747, -0.987, -3.227, -0.02513, 0.77805, 0.59331, -0.20490, 0.21200, 0.91296, -0.34867, 0.93355, -0.29470, -0.20404, -0.28903, -0.28225, -0.91477
1.931025, 0.602, -0.798, -2.605, -0.26671, 0.74557, 0.60300, -0.09693, 0.25400, 0.84744, -0.46618, 0.95085, -0.13053, 0.28081, 0.17712, -0.51459, -0.83894
1.932940, 0.402, -0.534, -1.741, -0.39283, 0.69035, 0.60388, 0.06658, 0.26179, 0.88608, -0.38253, 0.78147, 0.03798, 0.62279, 0.56637, -0.46197, -0.68250
1.934856, 0.658, -0.874, -2.853, -0.19760, 0.75118, 0.60584, -0.17217, 0.20663, 0.84215, -0.49809, 0.97823, -0.18782, 0.08826, -0.01922, -0.50548, -0.86262
1.936772, 0.638, -0.850, -2.771, -0.21841, 0.71268, 0.65485, 0.12472, 0.11123, 0.98788, -0.10827, 0.87892, -0.04694, 0.47466, 0.46383, -0.14796, -0.87348
1.938687, 0.527, -0.702, -2.287, -0.32530, 0.71589, 0.60810, -0.10909, 0.23663, 0.79969, -0.55181, 0.94164, -0.04880, 0.33308, 0.23943, -0.59843, -0.76457
1.940603, 0.468, -0.625, -2.034, -0.36580, 0.69273, 0.62087, -0.02897, 0.22736, 0.83900, -0.49435, 0.88138, 0.03857, 0.47083, 0.41409, -0.54276, -0.73071
1.942519, 0.495, -0.662, -2.154, -0.32064, 0.70177, 0.57906, -0.26344, 0.19057, 0.64380, -0.74108, 0.98167, -0.12376, 0.14493, 0.00159, -0.75512, -0.65559
1.944435, 0.522, -0.699, -2.273, -0.31740, 0.70492, 0.59892, -0.20888, 0.19533, 0.71178, -0.67469, 0.97699, -0.08110, 0.19728, 0.08570, -0.69770, -0.71125
1.946350, 0.439, -0.588, -1.912, -0.38216, 0.68183, 0.62148, -0.05311, 0.22187, 0.80690, -0.54744, 0.88808, 0.06458, 0.45513, 0.40260, -0.58715, -0.70226
1.948266, 0.513, -0.689, -2.239, -0.33660, 0.68521, 0.64526, 0.02878, 0.16561, 0.90366, -0.39494, 0.86490, 0.05933, 0.49843, 0.47384, -0.42413, -0.77175
1.950182, 0.611, -0.821, -2.669, -0.18800, 0.71376, 0.57977, -0.34507, 0.08959, 0.69788, -0.71059, 0.95737, -0.25705, -0.13175, -0.27461, -0.66850, -0.69116
1.952097, 0.560, -0.754, -2.450, -0.29758, 0.70051, 0.62604, -0.16974, 0.15853, 0.77607, -0.61040, 0.97811, -0.03904, 0.20439, 0.13479, -0.62944, -0.76527
1.954013, 0.416, -0.560, -1.820, -0.36292, 0.67066, 0.57977, -0.28701, 0.16299, 0.56932, -0.80580, 0.98598, -0.06431, 0.15399, 0.03585, -0.81959, -0.57182
1.955929, 0.445, -0.602, -1.950, -0.36709, 0.64412, 0.66088, 0.11661, 0.09929, 0.93698, -0.33499, 0.76576, 0.14303, 0.62702, 0.63542, -0.31877, -0.70330
1.957844, 0.534, -0.723, -2.345, -0.28499, 0.68263, 0.60183, -0.30100, 0.09439, 0.65009, -0.75397, 0.99322, -0.11316, 0.02678, -0.06792, -0.75138, -0.65636
1.959760, 0.634, -0.860, -2.789, -0.20960, 0.69736, 0.62858, -0.27323, 0.06047, 0.76215, -0.64457, 0.99122, -0.12192, -0.05116, -0.11758, -0.63582, -0.76283
1.961676, 0.411, -0.558, -1.805, -0.39835, 0.64994, 0.63822, -0.10751, 0.16223, 0.74397, -0.64823, 0.91527, 0.13203, 0.38059, 0.36873, -0.65504, -0.65951
1.963591, 0.652, -0.887, -2.874, -0.21034, 0.69896, 0.64390, -0.22935, 0.06558, 0.80365, -0.59148, 0.99661, -0.08230, -0.00132, -0.04974, -0.58939, -0.80632
1.965507, 0.577, -0.786, -2.545, -0.24563, 0.67782, 0.61202, -0.32504, 0.03956, 0.67001, -0.74130, 0.98936, -0.13020, -0.06488, -0.13999, -0.73085, -0.66803
1.967423, 0.617, -0.843, -2.725, -0.25810, 0.67922, 0.66417, -0.17587, 0.05591, 0.81145, -0.58174, 0.99301, 0.01546, 0.11700, 0.10393, -0.58422, -0.80492
1.969339, 0.699, -0.956, -3.093, -0.03784, 0.69391, 0.62655, -0.35282, -0.03410, 0.84284, -0.53708, 0.89625, -0.21200, -0.38960, -0.44223, -0.49464, -0.74817
1.971254, 0.586, -0.802, -2.594, -0.27663, 0.67148, 0.65195, -0.21807, 0.05481, 0.75488, -0.65356, 0.99619, 0.00313, 0.08716, 0.06784, -0.65585, -0.75184
1.973170, 0.755, -1.036, -3.350, -0.11722, 0.67429, 0.72616, 0.06547, -0.06319, 0.99463, -0.08195, 0.96393, 0.08210, 0.25317, 0.25854, -0.06299, -0.96394
1.975086, 0.720, -0.990, -3.200, -0.17824, 0.67391, 0.71686, -0.01381, -0.02815, 0.96127, -0.27417, 0.97112, 0.09131, 0.22043, 0.23693, -0.26004, -0.93608
1.977001, 0.743, -1.024, -3.306, -0.14604, 0.67369, 0.72410, 0.02231, -0.04964, 0.98215, -0.18144, 0.96912, 0.09130, 0.22909, 0.24156, -0.16447, -0.95635
1.978917, 0.788, -1.086, -3.509, -0.03218, 0.68982, 0.69442, -0.20220, -0.04622, 0.94504, -0.32366, 0.97107, -0.03348, -0.23643, -0.23427, -0.32523, -0.91616
1.980833, 0.708, -0.978, -3.157, -0.18109, 0.67328, 0.69865, -0.16060, -0.02780, 0.88260, -0.46930, 0.99894, 0.04181, 0.01944, 0.03678, -0.46826, -0.88283
1.982748, 0.473, -0.653, -2.107, -0.36256, 0.63194, 0.65434, -0.20259, 0.06160, 0.68011, -0.73052, 0.97391, 0.11922, 0.19312, 0.21844, -0.72335, -0.65501
1.984664, 0.415, -0.576, -1.854, -0.40601, 0.59625, 0.69133, 0.04140, 0.04070, 0.85802, -0.51200, 0.79079, 0.28555, 0.54140, 0.61074, -0.42692, -0.66689
1.986580, 0.571, -0.793, -2.554, -0.31997, 0.62490, 0.71211, 0.00440, -0.01424, 0.89281, -0.45022, 0.88718, 0.21897, 0.40616, 0.46121, -0.39364, -0.79520
1.988495, 0.650, -0.904, -2.915, -0.24597, 0.64667, 0.70005, -0.17679, -0.04264, 0.81842, -0.57303, 0.99237, 0.10113, 0.07059, 0.11573, -0.56565, -0.81649
1.990411, 0.591, -0.823, -2.652, -0.19226, 0.64351, 0.62135, -0.40355, -0.09786, 0.64452, -0.75830, 0.95487, -0.15391, -0.25404, -0.28045, -0.74894, -0.60037
1.992327, 0.781, -1.090, -3.512, -0.04602, 0.66455, 0.70655, -0.23885, -0.11252, 0.91708, -0.38248, 0.96105, 0.00265, -0.27636, -0.25244, -0.39868, -0.88166
1.994243, 0.574, -0.803, -2.588, 0.08378, 0.63222, 0.57390, -0.51373, -0.18656, 0.81174, -0.55342, 0.63959, -0.32724, -0.69559, -0.74574, -0.48373, -0.45813
1.996158, 0.647, -0.906, -2.917, 0.00553, 0.64419, 0.61198, -0.45878, -0.16999, 0.79352, -0.58432, 0.78338, -0.25091, -0.56864, -0.59784, -0.55441, -0.57898
1.999990, 0.486, -0.682, -2.193, -0.37276, 0.60256, 0.68418, -0.17281, 0.00406, 0.69569, -0.71833, 0.95336, 0.21411, 0.21275, 0.30181, -0.68569, -0.66238
2.001905, 0.485, -0.682, -2.192, -0.32065, 0.61302, 0.62784, -0.35666, -0.04278, 0.54103, -0.83991, 0.99848, -0.00600, -0.05472, -0.03465, -0.84098, -0.53996
2.003821, 0.607, -0.855, -2.751, -0.01368, 0.63397, 0.60326, -0.48370, -0.19579, 0.75167, -0.62981, 0.77813, -0.27177, -0.56626, -0.59680, -0.60094, -0.53169
2.007653, 0.595, -0.841, -2.705, 0.09611, 0.61869, 0.59554, -0.50331, -0.21597, 0.83365, -0.50832, 0.64016, -0.27220, -0.71840, -0.73726, -0.48056, -0.47488
2.009568, 0.679, -0.962, -3.091, -0.07757, 0.63395, 0.65524, -0.40342, -0.18417, 0.76820, -0.61314, 0.89337, -0.12929, -0.43033, -0.40985, -0.62702, -0.66248
2.013400, 0.552, -0.785, -2.523, 0.23978, 0.58863, 0.57185, -0.51866, -0.19204, 0.92195, -0.33636, 0.42448, -0.23099, -0.87548, -0.88484, -0.31090, -0.34699
2.015315, 0.767, -1.092, -3.507, -0.01127, 0.63749, 0.69463, -0.33312, -0.18696, 0.87813, -0.44038, 0.89315, -0.03473, -0.44842, -0.40907, -0.47716, -0.77781
2.017231, 0.643, -0.918, -2.946, -0.19702, 0.62129, 0.66410, -0.36627, -0.15036, 0.68088, -0.71680, 0.96952, -0.04031, -0.24167, -0.19344, -0.73129, -0.65406
2.019147, 0.595, -0.850, -2.730, -0.14275, 0.61599, 0.62259, -0.46105, -0.20036, 0.63538, -0.74575, 0.89865, -0.18401, -0.39822, -0.39025, -0.74995, -0.53412
2.021062, 0.476, -0.681, -2.187, -0.11253, 0.59939, 0.57419, -0.54623, -0.25613, 0.56539, -0.78405, 0.81127, -0.31528, -0.49238, -0.52558, -0.76219, -0.37793
2.024894, 0.466, -0.670, -2.149, -0.37480, 0.56998, 0.68132, -0.26544, -0.06931, 0.57770, -0.81330, 0.97564, 0.20934, 0.06555, 0.20812, -0.78895, -0.57814
2.026809, 0.569, -0.819, -2.627, -0.20640, 0.59933, 0.63067, -0.44772, -0.19641, 0.57114, -0.79701, 0.94078, -0.11929, -0.31733, -0.27632, -0.81214, -0.51388
2.034472, 0.471, -0.681, -2.185, -0.15285, 0.59334, 0.58086, -0.53590, -0.24917, 0.52547, -0.81351, 0.85312, -0.27848, -0.44118, -0.45837, -0.80395, -0.37890
2.036388, 0.541, -0.784, -2.513, -0.27263, 0.59098, 0.64780, -0.39595, -0.15284, 0.54978, -0.82121, 0.98156, -0.01205, -0.19075, -0.11477, -0.83523, -0.53780
2.038304, 0.311, -0.452, -1.447, -0.44450, 0.54041, 0.66485, -0.26145, -0.02075, 0.48616, -0.87363, 0.95101, 0.27920, 0.13278, 0.30846, -0.82807, -0.46813
2.040219, 0.382, -0.556, -1.781, -0.39470, 0.55603, 0.65334, -0.32892, -0.07008, 0.46690, -0.88153, 0.98621, 0.16527, 0.00914, 0.14996, -0.86873, -0.47204
2.042135, 0.518, -0.756, -2.423, -0.28272, 0.58259, 0.64266, -0.40945, -0.16132, 0.51729, -0.84047, 0.98033, -0.01412, -0.19686, -0.11370, -0.85569, -0.50484
2.047882, 0.621, -0.910, -2.916, -0.18086, 0.59666, 0.66601, -0.40953, -0.22257, 0.64662, -0.72962, 0.94290, -0.04745, -0.32968, -0.24780, -0.76133, -0.59914
2.049798, 0.510, -0.748, -2.396, -0.30489, 0.57802, 0.65176, -0.38488, -0.14586, 0.51877, -0.84238, 0.98816, 0.03551, -0.14923, -0.04751, -0.85418, -0.51781
2.051713, 0.387, -0.570, -1.824, -0.41023, 0.54980, 0.67296, -0.27669, -0.05886, 0.51298, -0.85638, 0.96700, 0.24233, 0.07869, 0.24789, -0.82349, -0.51031
2.053629, 0.486, -0.716, -2.295, -0.26311, 0.57959, 0.61709, -0.46265, -0.18970, 0.47187, -0.86102, 0.95878, -0.09994, -0.26601, -0.21157, -0.87598, -0.43346
2.055545, 0.489, -0.722, -2.312, -0.23992, 0.57830, 0.61270, -0.48229, -0.21602, 0.47722, -0.85182, 0.94007, -0.13407, -0.31351, -0.26382, -0.86850, -0.41966
2.057461, 0.337, -0.498, -1.594, -0.39237, 0.55391, 0.63031, -0.37675, -0.07846, 0.40262, -0.91200, 0.99392, 0.10250, -0.04025, 0.07727, -0.90961, -0.40821
2.059376, 0.359, -0.530, -1.698, -0.37188, 0.55752, 0.62415, -0.40163, -0.10174, 0.39725, -0.91205, 0.99468, 0.05573, -0.08669, 0.01639, -0.91602, -0.40080
2.061292, 0.272, -0.403, -1.288, -0.47404, 0.52474, 0.67115, -0.22247, 0.00013, 0.49344, -0.86978, 0.91528, 0.35031, 0.19888, 0.40283, -0.79611, -0.45159
2.067039, 0.364, -0.543, -1.740, -0.40363, 0.55033, 0.65447, -0.32541, -0.06844, 0.45766, -0.88649, 0.98304, 0.18248, 0.01831, 0.17015, -0.87020, -0.46238
2.068955, 0.438, -0.653, -2.094, -0.29614, 0.57442, 0.61057, -0.45777, -0.16469, 0.43032, -0.88753, 0.97257, -0.07903, -0.21879, -0.16429, -0.89921, -0.40550
2.074702, 0.413, -0.620, -1.986, -0.29562, 0.57088, 0.60087, -0.47504, -0.17341, 0.40519, -0.89764, 0.96691, -0.10314, -0.23335, -0.18713, -0.90840, -0.37390
2.076617, 0.372, -0.559, -1.791, -0.34500, 0.56773, 0.60728, -0.43574, -0.11732, 0.38889, -0.91379, 0.99020, -0.02437, -0.13750, -0.07574, -0.92096, -0.38222
2.078533, 0.269, -0.405, -1.296, -0.44784, 0.54211, 0.64248, -0.30458, -0.01110, 0.42378, -0.90570, 0.96940, 0.22668, 0.09419, 0.24522, -0.87694, -0.41333
2.080449, 0.281, -0.425, -1.360, -0.46079, 0.53507, 0.66060, -0.25491, -0.00273, 0.47202, -0.88159, 0.94185, 0.29744, 0.15634, 0.33601, -0.82990, -0.44538
2.082365, 0.310, -0.469, -1.501, -0.45892, 0.53264, 0.67512, -0.22338, -0.01137, 0.51416, -0.85762, 0.92422, 0.33280, 0.18726, 0.38170, -0.79050, -0.47898
2.084280, 0.372, -0.565, -1.805, -0.46219, 0.50310, 0.73024, -0.00304, -0.06653, 0.73197, -0.67808, 0.73758, 0.49376, 0.46062, 0.67197, -0.46950, -0.57274
2.086196, 0.442, -0.671, -2.149, -0.34786, 0.57191, 0.64667, -0.36569, -0.10382, 0.48525, -0.86819, 0.99409, 0.07837, -0.07507, 0.03161, -0.87086, -0.49052
2.088112, 0.669, -1.019, -3.265, -0.19193, 0.58918, 0.73241, -0.28213, -0.23205, 0.75475, -0.61360, 0.97135, 0.14654, -0.18710, -0.05130, -0.63944, -0.76713
2.090027, 0.509, -0.776, -2.490, -0.27035, 0.57829, 0.64567, -0.41905, -0.18497, 0.52019, -0.83378, 0.97335, -0.02005, -0.22844, -0.13555, -0.85382, -0.50262
2.091943, 0.314, -0.478, -1.534, -0.40332, 0.55914, 0.62337, -0.36892, -0.04940, 0.39951, -0.91539, 0.99469, 0.10252, -0.00894, 0.09028, -0.91098, -0.40246
2.093859, 0.305, -0.465, -1.492, -0.38566, 0.56084, 0.60868, -0.40771, -0.07344, 0.36826, -0.92682, 0.99723, 0.03846, -0.06374, 0.01217, -0.92893, -0.37007
2.095774, 0.283, -0.433, -1.389, -0.39270, 0.56047, 0.60415, -0.40824, -0.06333, 0.35658, -0.93212, 0.99785, 0.03843, -0.05309, 0.01689, -0.93347, -0.35825
2.097690, 0.392, -0.603, -1.933, -0.40761, 0.55992, 0.66918, -0.26934, -0.04069, 0.52980, -0.84715, 0.96894, 0.22790, 0.09599, 0.24392, -0.81693, -0.52261
2.099606, 0.357, -0.550, -1.761, -0.45727, 0.53293, 0.70065, -0.12643, -0.01379, 0.63116, -0.77553, 0.86242, 0.40001, 0.31021, 0.50601, -0.66455, -0.54984
2.101521, 0.422, -0.650, -2.085, -0.38240, 0.56744, 0.66519, -0.29886, -0.06357, 0.52634, -0.84790, 0.98347, 0.17740, 0.03638, 0.16957, -0.83156, -0.52891
2.103437, 0.473, -0.731, -2.346, -0.33411, 0.57733, 0.66095, -0.34381, -0.11014, 0.53343, -0.83864, 0.99291, 0.09697, -0.06871, 0.04467, -0.84027, -0.54033
2.105353, 0.332, -0.515, -1.651, -0.46639, 0.53352, 0.69426, -0.12584, 0.00434, 0.62342, -0.78188, 0.85819, 0.39904, 0.32293, 0.51332, -0.67240, -0.53328
2.107269, 0.331, -0.514, -1.647, -0.46471, 0.53695, 0.69036, -0.13828, 0.00856, 0.61287, -0.79014, 0.86991, 0.38512, 0.30814, 0.49314, -0.68999, -0.52984
2.109184, 0.263, -0.408, -1.311, -0.43176, 0.56108, 0.61948, -0.33915, 0.00246, 0.40229, -0.91551, 0.98801, 0.14033, 0.06431, 0.15434, -0.90469, -0.39713
2.111100, 0.314, -0.488, -1.567, -0.43640, 0.56217, 0.64672, -0.27436, 0.01296, 0.48767, -0.87293, 0.96659, 0.21739, 0.13580, 0.25599, -0.84553, -0.46856
2.113016, 0.414, -0.645, -2.072, -0.35500, 0.57278, 0.64274, -0.36441, -0.09180, 0.47757, -0.87379, 0.99502, 0.07826, -0.06176, 0.03889, -0.87510, -0.48237
2.114931, 0.533, -0.833, -2.676, -0.19560, 0.59098, 0.64853, -0.43805, -0.22497, 0.59518, -0.77146, 0.93790, -0.08230, -0.33699, -0.26406, -0.79937, -0.53970
2.116847, 0.476, -0.745, -2.394, -0.25035, 0.58872, 0.62175, -0.45183, -0.18145, 0.50585, -0.84332, 0.95832, -0.10150, -0.26708, -0.22069, -0.85663, -0.46634
2.118763, 0.433, -0.679, -2.181, -0.37955, 0.57600, 0.67264, -0.26781, -0.04834, 0.57159, -0.81912, 0.97817, 0.19301, 0.07695, 0.20208, -0.79752, -0.56844
2.120678, 0.389, -0.612, -1.964, -0.43123, 0.56003, 0.69259, -0.14396, -0.00081, 0.65159, -0.75857, 0.89991, 0.33128, 0.28360, 0.43608, -0.68241, -0.58664
2.122594, 0.693, -1.094, -3.514, -0.17115, 0.59166, 0.78057, -0.10657, -0.24128, 0.88719, -0.39329, 0.96014, 0.27716, 0.03616, 0.14109, -0.36889, -0.91870
2.124510, 0.581, -0.918, -2.949, -0.31740, 0.56860, 0.75688, -0.05557, -0.15190, 0.82545, -0.54366, 0.89600, 0.34721, 0.27682, 0.41726, -0.44507, -0.79234
2.126426, 0.453, -0.716, -2.302, -0.32705, 0.58612, 0.64621, -0.36319, -0.09899, 0.51996, -0.84843, 0.99508, 0.04911, -0.08600, -0.00305, -0.85278, -0.52227
2.128341, 0.376, -0.596, -1.916, -0.40004, 0.58290, 0.65020, -0.27826, -0.00038, 0.53538, -0.84461, 0.98064, 0.16559, 0.10452, 0.19581, -0.82822, -0.52508
2.130257, 0.356, -0.564, -1.814, -0.36214, 0.58544, 0.60950, -0.39322, -0.05223, 0.42885, -0.90187, 0.99845, 0.00528, -0.05532, -0.01896, -0.90336, -0.42846
2.132173, 0.334, -0.530, -1.706, -0.42448, 0.57876, 0.64676, -0.25799, 0.03029, 0.52961, -0.84770, 0.96766, 0.19696, 0.15763, 0.25044, -0.82506, -0.50652
2.134088, 0.386, -0.616, -1.980, -0.43112, 0.52026, 0.72715, 0.12128, -0.08693, 0.86120, -0.50078, 0.65205, 0.42923, 0.62497, 0.75318, -0.27220, -0.59886
2.136004, 0.420, -0.673, -2.161, -0.40539, 0.51997, 0.73724, 0.14754, -0.13058, 0.88631, -0.44431, 0.64706, 0.41573, 0.63913, 0.75118, -0.20403, -0.62778
