t_ms, x_m, y_m, z_m, qw, qx, qy, qz, R00, R01, R02, R10, R11, R12, R20, R21, R22
1.388883, -0.628, 0.516, -1.287, 0.27369, 0.58289, 0.76478, -0.02128, -0.17067, 0.90321, 0.39381, 0.87992, 0.31957, -0.35160, -0.44342, 0.28651, -0.84929
1.390799, -0.712, 0.611, -1.537, 0.18574, 0.66129, 0.72660, 0.01599, -0.05639, 0.95504, 0.29105, 0.96692, 0.12488, -0.22242, -0.24876, 0.26888, -0.93049
1.392715, -0.570, 0.512, -1.299, 0.28614, 0.69880, 0.65549, 0.01154, 0.14040, 0.90951, 0.39125, 0.92272, 0.02309, -0.38477, -0.35899, 0.41504, -0.83598
1.394631, -0.487, 0.459, -1.174, 0.32072, 0.70240, 0.62945, -0.08700, 0.19245, 0.94005, 0.28153, 0.82844, -0.00187, -0.56007, -0.52597, 0.34102, -0.77914
1.396546, -0.486, 0.483, -1.246, 0.30711, 0.76486, 0.56432, -0.04710, 0.35865, 0.89218, 0.27457, 0.83432, -0.17445, -0.52295, -0.41867, 0.41664, -0.80693
1.398462, -0.493, 0.519, -1.349, 0.27198, 0.82692, 0.49213, 0.00626, 0.51553, 0.81050, 0.27804, 0.81731, -0.36767, -0.44365, -0.25735, 0.45596, -0.85198
1.400378, -0.456, 0.511, -1.338, 0.26121, 0.83293, 0.47280, -0.12020, 0.52402, 0.85042, 0.04676, 0.72483, -0.41646, -0.54881, -0.44724, 0.32148, -0.83464
1.402293, -0.458, 0.548, -1.447, 0.21322, 0.89155, 0.39467, -0.06248, 0.68066, 0.73039, 0.05690, 0.67710, -0.59754, -0.42951, -0.27971, 0.33088, -0.90127
1.404209, -0.376, 0.484, -1.289, 0.27988, 0.89469, 0.33890, -0.07967, 0.75760, 0.65102, 0.04715, 0.56183, -0.61363, -0.55481, -0.33226, 0.44681, -0.83064
1.406125, -0.367, 0.512, -1.376, 0.22733, 0.92597, 0.28213, -0.10627, 0.81822, 0.57081, -0.06853, 0.47417, -0.73745, -0.48097, -0.32508, 0.36104, -0.87405
1.408040, -0.324, 0.494, -1.336, 0.23498, 0.93810, 0.22259, -0.12331, 0.87050, 0.47557, -0.12675, 0.35967, -0.79048, -0.49576, -0.33596, 0.38597, -0.85916
1.409956, -0.298, 0.502, -1.370, 0.21104, 0.95889, 0.15446, -0.11020, 0.92800, 0.34272, -0.14614, 0.24970, -0.86321, -0.43877, -0.27653, 0.37069, -0.88664
1.411872, -0.247, 0.465, -1.279, 0.26562, 0.95463, 0.09288, -0.09743, 0.96376, 0.22910, -0.13668, 0.12558, -0.84164, -0.52523, -0.23537, 0.48903, -0.83991
1.413787, -0.234, 0.499, -1.386, 0.19645, 0.98007, 0.00847, -0.02829, 0.99826, 0.02772, -0.05212, 0.00549, -0.92267, -0.38555, -0.05878, 0.38459, -0.92121
1.415703, -0.201, 0.499, -1.399, 0.17386, 0.98151, -0.04890, -0.06339, 0.98718, -0.07394, -0.14144, -0.11803, -0.93476, -0.33509, -0.10744, 0.34749, -0.93151
1.417619, -0.162, 0.484, -1.369, 0.18725, 0.97415, -0.12572, 0.01257, 0.96807, -0.24965, -0.02259, -0.24023, -0.89826, -0.36799, 0.07157, 0.36167, -0.92956
1.419535, -0.132, 0.497, -1.419, 0.14710, 0.97055, -0.19066, -0.00668, 0.92721, -0.36813, -0.06906, -0.37206, -0.88402, -0.28299, 0.04313, 0.28808, -0.95663
1.421450, -0.093, 0.474, -1.366, 0.17194, 0.94785, -0.26117, 0.06167, 0.85597, -0.51631, 0.02709, -0.47390, -0.80445, -0.35815, 0.20671, 0.29373, -0.93327
1.423366, -0.058, 0.465, -1.353, 0.17049, 0.92561, -0.32579, 0.08972, 0.77163, -0.63369, 0.05500, -0.57251, -0.72959, -0.37408, 0.27718, 0.25716, -0.92576
1.425282, -0.024, 0.459, -1.348, 0.16964, 0.90055, -0.38652, 0.10404, 0.67955, -0.73147, 0.05624, -0.66087, -0.64364, -0.38597, 0.31853, 0.22512, -0.92079
1.427197, 0.011, 0.459, -1.363, 0.13613, 0.86698, -0.45664, 0.14592, 0.54038, -0.83152, 0.12869, -0.75207, -0.54589, -0.36931, 0.37734, 0.10279, -0.92035
1.429113, 0.044, 0.444, -1.331, 0.14445, 0.82412, -0.51396, 0.18922, 0.40007, -0.90180, 0.16340, -0.79247, -0.42995, -0.43259, 0.46036, 0.04358, -0.88666
1.431029, 0.078, 0.439, -1.329, 0.13356, 0.78014, -0.57187, 0.21566, 0.25291, -0.94989, 0.18372, -0.83467, -0.31025, -0.45505, 0.48924, -0.03826, -0.87131
1.432944, 0.112, 0.433, -1.324, 0.13500, 0.73718, -0.62267, 0.22501, 0.12331, -0.97879, 0.16362, -0.85728, -0.18812, -0.47924, 0.49986, -0.08117, -0.86230
1.434860, 0.145, 0.424, -1.313, 0.13783, 0.68747, -0.67146, 0.23985, -0.01677, -0.98933, 0.14470, -0.85710, -0.06030, -0.51161, 0.51488, -0.13260, -0.84695
1.436776, 0.183, 0.429, -1.344, -0.13625, -0.64099, 0.72113, -0.22481, -0.14114, -0.98573, 0.09169, -0.86321, 0.07719, -0.49891, 0.48471, -0.14956, -0.86179
1.438691, 0.221, 0.431, -1.367, -0.10138, -0.58525, 0.76983, -0.23360, -0.29441, -0.94845, 0.11734, -0.85372, 0.20583, -0.47833, 0.42952, -0.24100, -0.87031
1.440607, 0.244, 0.407, -1.306, -0.15151, -0.52636, 0.80104, -0.24150, -0.39998, -0.91645, 0.01150, -0.77009, 0.32925, -0.54640, 0.49696, -0.22741, -0.83744
1.442523, 0.287, 0.415, -1.349, -0.10288, -0.46198, 0.84638, -0.24420, -0.55198, -0.83226, 0.05148, -0.73177, 0.45389, -0.50842, 0.39977, -0.31831, -0.85957
1.444439, 0.303, 0.386, -1.272, -0.13396, -0.39214, 0.86866, -0.27152, -0.65657, -0.75401, -0.01978, -0.60852, 0.54501, -0.57677, 0.44567, -0.36665, -0.81667
1.446354, 0.346, 0.393, -1.312, -0.11410, -0.32868, 0.90295, -0.25224, -0.75790, -0.65113, -0.04024, -0.53600, 0.65668, -0.53054, 0.37188, -0.38052, -0.84671
1.448270, 0.398, 0.407, -1.378, -0.07848, -0.26471, 0.93560, -0.22007, -0.84754, -0.52987, -0.03034, -0.46079, 0.76300, -0.45333, 0.26336, -0.37024, -0.89082
1.450186, 0.450, 0.417, -1.434, -0.07253, -0.21558, 0.96150, -0.15421, -0.89653, -0.43693, -0.07298, -0.39219, 0.85949, -0.32782, 0.20596, -0.26527, -0.94192
1.452101, 0.496, 0.419, -1.461, -0.04867, -0.14339, 0.97958, -0.13222, -0.95414, -0.29380, -0.05743, -0.26806, 0.92391, -0.27301, 0.13327, -0.24509, -0.96030
1.454017, 0.534, 0.414, -1.466, 0.00522, -0.05658, 0.98767, -0.14588, -0.99354, -0.11024, 0.02682, -0.11329, 0.95104, -0.28756, 0.00619, -0.28874, -0.95739
1.455933, 0.582, 0.416, -1.495, -0.01954, -0.01121, 0.99812, -0.05692, -0.99898, -0.02461, -0.03773, -0.02016, 0.99327, -0.11407, 0.04028, -0.11319, -0.99276
1.457848, 0.619, 0.410, -1.493, 0.02423, 0.06905, 0.99596, -0.05214, -0.98929, 0.14006, 0.04106, 0.13501, 0.98503, -0.10721, -0.05546, -0.10051, -0.99339
1.459764, 0.661, 0.406, -1.503, 0.00224, 0.11648, 0.99247, 0.03788, -0.97285, 0.23103, 0.01327, 0.23137, 0.97000, 0.07467, 0.00438, 0.07571, -0.99712
1.461680, 0.684, 0.392, -1.474, 0.07540, 0.21821, 0.97200, -0.04374, -0.89340, 0.43080, 0.12749, 0.41761, 0.90094, -0.11794, -0.16567, -0.05213, -0.98480
1.463596, 0.693, 0.371, -1.415, -0.04883, 0.25305, 0.96619, 0.00702, -0.86716, 0.48968, -0.09081, 0.48831, 0.87183, 0.03827, 0.09791, -0.01116, -0.99513
1.465511, 0.743, 0.373, -1.446, 0.07439, 0.34196, 0.93670, -0.01097, -0.75505, 0.64227, 0.13186, 0.63900, 0.76588, -0.07143, -0.14687, 0.03033, -0.98869
1.467427, 0.767, 0.361, -1.421, 0.03374, 0.39525, 0.91787, 0.01279, -0.68528, 0.72471, 0.07205, 0.72643, 0.68723, -0.00320, -0.05184, 0.05015, -0.99740
1.469343, 0.785, 0.348, -1.390, 0.01720, 0.45118, 0.89222, 0.00987, -0.59229, 0.80475, 0.03959, 0.80543, 0.59269, 0.00209, -0.02179, 0.03313, -0.99921
1.471258, 0.838, 0.351, -1.422, 0.14211, 0.52721, 0.83747, 0.02214, -0.40371, 0.87676, 0.26138, 0.88934, 0.44312, -0.11277, -0.21469, 0.18693, -0.95863
1.473174, 0.859, 0.340, -1.397, 0.10247, 0.57707, 0.81023, 0.00431, -0.31297, 0.93424, 0.17103, 0.93601, 0.33393, -0.11128, -0.16108, 0.12526, -0.97896
1.475090, 0.871, 0.327, -1.362, 0.31941, 0.64109, 0.69729, 0.02777, 0.02603, 0.87631, 0.48105, 0.91179, 0.17647, -0.37081, -0.40983, 0.44827, -0.79441
1.477005, 0.932, 0.331, -1.401, 0.28710, 0.68429, 0.66725, 0.06405, 0.10136, 0.87640, 0.47080, 0.94996, 0.05529, -0.30744, -0.29547, 0.47840, -0.82694
1.478921, 0.957, 0.322, -1.386, 0.20791, 0.73477, 0.64558, -0.01125, 0.16621, 0.95337, 0.25191, 0.94402, -0.08002, -0.32005, -0.28497, 0.29100, -0.91330
1.480837, 0.964, 0.309, -1.348, 0.27408, 0.78122, 0.56007, -0.02997, 0.37085, 0.89151, 0.26018, 0.85865, -0.22241, -0.46180, -0.35383, 0.39466, -0.84797
1.482752, 0.889, 0.271, -1.200, 0.27804, 0.81887, 0.48207, -0.14053, 0.49571, 0.86766, 0.03792, 0.71137, -0.38060, -0.59084, -0.49822, 0.31986, -0.80590
1.484668, 0.811, 0.235, -1.060, 0.19850, 0.84130, 0.44758, -0.22908, 0.49439, 0.84404, -0.20777, 0.66215, -0.52055, -0.53906, -0.56315, 0.12893, -0.81624
1.486584, 0.865, 0.238, -1.097, 0.19178, 0.87182, 0.39102, -0.22416, 0.59371, 0.76778, -0.24088, 0.59582, -0.62064, -0.50970, -0.54084, 0.15909, -0.82595
1.488500, 0.888, 0.232, -1.095, 0.17361, 0.89298, 0.33995, -0.23849, 0.65512, 0.68994, -0.30789, 0.52433, -0.70859, -0.47221, -0.54396, 0.14792, -0.82597
