t_ms, x_m, y_m, z_m, qw, qx, qy, qz, R00, R01, R02, R10, R11, R12, R20, R21, R22
0.605365, -1.179, -0.050, -1.448, 0.34890, 0.92881, 0.07478, 0.10000, 0.96882, 0.06914, 0.23794, 0.20869, -0.74536, -0.63316, 0.13357, 0.66307, -0.73654
0.607281, -1.210, -0.052, -1.498, -0.19450, 0.69810, -0.15820, -0.67067, 0.05035, -0.48177, -0.87485, 0.04002, -0.87428, 0.48376, -0.99793, -0.05937, -0.02473
0.609196, -1.373, -0.059, -1.707, -0.10589, 0.90131, -0.11956, -0.40265, 0.64716, -0.30079, -0.70050, -0.13024, -0.94899, 0.28716, -0.75114, -0.09461, -0.65332
0.611112, -1.336, -0.058, -1.672, -0.04643, 0.92743, -0.13954, -0.34387, 0.72457, -0.29076, -0.62487, -0.22690, -0.95675, 0.18208, -0.65078, 0.00985, -0.75920
0.613028, -1.207, -0.052, -1.518, 0.29416, 0.95329, -0.06859, 0.00323, 0.99057, -0.13268, -0.03420, -0.12888, -0.81753, -0.56128, 0.04651, 0.56040, -0.82692
0.614943, -1.101, -0.048, -1.392, 0.19290, 0.96529, -0.15687, 0.08002, 0.93798, -0.33372, 0.09396, -0.27198, -0.87636, -0.39751, 0.21500, 0.34730, -0.91278
0.616859, -1.155, -0.050, -1.473, 0.32265, 0.93682, -0.12860, 0.04157, 0.96347, -0.26778, -0.00510, -0.21413, -0.75872, -0.61522, 0.16088, 0.59384, -0.78834
0.622606, -0.720, -0.033, -0.936, 0.16939, 0.88037, -0.32040, 0.30595, 0.60748, -0.66779, 0.43015, -0.46048, -0.73730, -0.49431, 0.64724, 0.10221, -0.75540
0.657089, -0.614, -0.028, -0.967, -0.26725, -0.48110, 0.68494, -0.47747, -0.39424, -0.91426, 0.09332, -0.40384, 0.08113, -0.91123, 0.82553, -0.39692, -0.40120
0.660920, -0.579, -0.027, -0.938, -0.24577, -0.41825, 0.72169, -0.49378, -0.52932, -0.84642, 0.05831, -0.36099, 0.16249, -0.91830, 0.76779, -0.50713, -0.39156
0.662836, -0.551, -0.025, -0.906, -0.25818, -0.39101, 0.72923, -0.49867, -0.56091, -0.82777, 0.01343, -0.31278, 0.19687, -0.92920, 0.76652, -0.52540, -0.36933
0.664751, -0.550, -0.026, -0.917, -0.24765, -0.35570, 0.74985, -0.49987, -0.62430, -0.78103, -0.01579, -0.28586, 0.24721, -0.92584, 0.72701, -0.57348, -0.37760
0.666667, -0.549, -0.026, -0.931, -0.22687, -0.31519, 0.77210, -0.50304, -0.69837, -0.71497, -0.03323, -0.25846, 0.29521, -0.91981, 0.66744, -0.63378, -0.39096
0.668583, -0.563, -0.027, -0.969, -0.23294, -0.27640, 0.79435, -0.48820, -0.73868, -0.66657, -0.10020, -0.21168, 0.37052, -0.90438, 0.63996, -0.64684, -0.41479
0.670498, -0.519, -0.025, -0.909, -0.18831, -0.24622, 0.79572, -0.52032, -0.80783, -0.58781, -0.04346, -0.19588, 0.33728, -0.92080, 0.55592, -0.73534, -0.38760
0.672414, -0.531, -0.026, -0.945, -0.15284, -0.20302, 0.81793, -0.51616, -0.87084, -0.48989, -0.04043, -0.17434, 0.38472, -0.90642, 0.45960, -0.78230, -0.42044
0.674330, -0.514, -0.025, -0.932, -0.14214, -0.17140, 0.82153, -0.52488, -0.90084, -0.43083, -0.05361, -0.13241, 0.39024, -0.91114, 0.41347, -0.81370, -0.40859
0.676246, -0.524, -0.026, -0.967, -0.07914, -0.12066, 0.84425, -0.51616, -0.95836, -0.28543, -0.00908, -0.12202, 0.43804, -0.89064, 0.25819, -0.85244, -0.45462
0.678161, -0.487, -0.024, -0.917, -0.06664, -0.09979, 0.83382, -0.53884, -0.97120, -0.23822, -0.00360, -0.09459, 0.39938, -0.91189, 0.21867, -0.88529, -0.41042
0.680077, -0.484, -0.025, -0.928, -0.00967, -0.05306, 0.84921, -0.52530, -0.99418, -0.10027, 0.03931, -0.07995, 0.44250, -0.89320, 0.07217, -0.89114, -0.44794
0.681993, -0.494, -0.025, -0.965, -0.04994, -0.02316, 0.84868, -0.52604, -0.99394, -0.09185, -0.06040, 0.01324, 0.44549, -0.89519, 0.10913, -0.89056, -0.44157
0.683908, -0.486, -0.025, -0.970, 0.00409, 0.02323, 0.85859, -0.51212, -0.99889, 0.04408, -0.01678, 0.03571, 0.47439, -0.87959, -0.03082, -0.87921, -0.47544
0.685824, -0.447, -0.024, -0.911, 0.05363, 0.05410, 0.85135, -0.51903, -0.98839, 0.14780, 0.03516, 0.03644, 0.45536, -0.88956, -0.14748, -0.87796, -0.45546
0.687740, -0.440, -0.024, -0.915, 0.09098, 0.09674, 0.85412, -0.50284, -0.96473, 0.25675, 0.05813, 0.07375, 0.47559, -0.87657, -0.25271, -0.84137, -0.47775
0.689655, -0.442, -0.024, -0.943, 0.09461, 0.13580, 0.85359, -0.49396, -0.94522, 0.32530, 0.02735, 0.13838, 0.47513, -0.86897, -0.29567, -0.81758, -0.49411
0.691571, -0.416, -0.023, -0.908, 0.14480, 0.17332, 0.84642, -0.48225, -0.89799, 0.43306, 0.07795, 0.15375, 0.47479, -0.86656, -0.41229, -0.76618, -0.49294
0.693487, -0.405, -0.023, -0.907, 0.15744, 0.20734, 0.83817, -0.47926, -0.86445, 0.49847, 0.06518, 0.19666, 0.45464, -0.86869, -0.46265, -0.73813, -0.49104
0.695403, -0.399, -0.023, -0.916, 0.19363, 0.25282, 0.83081, -0.45646, -0.79719, 0.59685, 0.09094, 0.24332, 0.45546, -0.85636, -0.55253, -0.66055, -0.50831
0.697318, -0.401, -0.024, -0.946, 0.21740, 0.29812, 0.82429, -0.42942, -0.72772, 0.67819, 0.10237, 0.30477, 0.45345, -0.83756, -0.61444, -0.57831, -0.53668
0.699234, -0.372, -0.023, -0.902, 0.25226, 0.32542, 0.80367, -0.42964, -0.66094, 0.73981, 0.12583, 0.30630, 0.41902, -0.85475, -0.68508, -0.52640, -0.50355
0.701150, -0.366, -0.023, -0.912, 0.28376, 0.36667, 0.78882, -0.40348, -0.57007, 0.80745, 0.15179, 0.34949, 0.40552, -0.84464, -0.74356, -0.42845, -0.51337
0.703065, -0.343, -0.022, -0.880, 0.30677, 0.39066, 0.76700, -0.40618, -0.50655, 0.84849, 0.15323, 0.35006, 0.36480, -0.86278, -0.78795, -0.38340, -0.48181
0.704981, -0.320, -0.021, -0.848, 0.33986, 0.41702, 0.74284, -0.39847, -0.42118, 0.89041, 0.17258, 0.34872, 0.33463, -0.87545, -0.83726, -0.30854, -0.45144
0.706897, -0.321, -0.021, -0.879, 0.35388, 0.46025, 0.72494, -0.37068, -0.32588, 0.92966, 0.17186, 0.40495, 0.30153, -0.86319, -0.85429, -0.21170, -0.47473
0.708812, -0.312, -0.021, -0.885, 0.35816, 0.49076, 0.70394, -0.36789, -0.26175, 0.95446, 0.14316, 0.42741, 0.24762, -0.86949, -0.86534, -0.16641, -0.47276
0.710728, -0.294, -0.021, -0.867, 0.38165, 0.51807, 0.67744, -0.35641, -0.17190, 0.97396, 0.14780, 0.42986, 0.20915, -0.87833, -0.88638, -0.08746, -0.45463
0.712644, -0.278, -0.020, -0.852, 0.40326, 0.54745, 0.65004, -0.33931, -0.07536, 0.98539, 0.15276, 0.43806, 0.17034, -0.88266, -0.89578, 0.00040, -0.44450
0.714559, -0.268, -0.020, -0.856, 0.41093, 0.57800, 0.62326, -0.32954, 0.00590, 0.99133, 0.13128, 0.44966, 0.11463, -0.88581, -0.89318, 0.06426, -0.44509
0.716475, -0.243, -0.019, -0.810, 0.45003, 0.60785, 0.58827, -0.28623, 0.14403, 0.97278, 0.18151, 0.45753, 0.09718, -0.88387, -0.87745, 0.21035, -0.43108
0.718391, -0.238, -0.020, -0.833, 0.44251, 0.63471, 0.56324, -0.28998, 0.19735, 0.97163, 0.13038, 0.45835, 0.02612, -0.88839, -0.86659, 0.23508, -0.44019
0.720307, -0.222, -0.019, -0.815, 0.46102, 0.66226, 0.52982, -0.26109, 0.30224, 0.94249, 0.14270, 0.46103, -0.01351, -0.88728, -0.83433, 0.33396, -0.43860
0.722222, -0.209, -0.019, -0.808, 0.46940, 0.68688, 0.49665, -0.24738, 0.38429, 0.91451, 0.12642, 0.45004, -0.06600, -0.89057, -0.80609, 0.39913, -0.43693
0.724138, -0.198, -0.019, -0.812, 0.47284, 0.71158, 0.46441, -0.23323, 0.45985, 0.88149, 0.10725, 0.44037, -0.12150, -0.88956, -0.77111, 0.45630, -0.44406
0.726054, -0.182, -0.018, -0.791, 0.48555, 0.73039, 0.42911, -0.21595, 0.53846, 0.83655, 0.10124, 0.41713, -0.16022, -0.89462, -0.73217, 0.52394, -0.43522
0.727969, -0.168, -0.018, -0.780, 0.49075, 0.74757, 0.39472, -0.21094, 0.59940, 0.79720, 0.07204, 0.38312, -0.20671, -0.90027, -0.70280, 0.56722, -0.42933
0.729885, -0.153, -0.017, -0.767, 0.50097, 0.76450, 0.35853, -0.18980, 0.67087, 0.73835, 0.06903, 0.35802, -0.24097, -0.90208, -0.64942, 0.62990, -0.42601
0.731801, -0.141, -0.017, -0.763, 0.50655, 0.78160, 0.32167, -0.17040, 0.73499, 0.67547, 0.05950, 0.33020, -0.27988, -0.90146, -0.59226, 0.68221, -0.42875
0.733716, -0.129, -0.017, -0.761, 0.51091, 0.79776, 0.28401, -0.14792, 0.79491, 0.60430, 0.05420, 0.30201, -0.31661, -0.89919, -0.52622, 0.73115, -0.43418
0.735632, -0.117, -0.017, -0.764, 0.50973, 0.81257, 0.24810, -0.13548, 0.84018, 0.54131, 0.03276, 0.26509, -0.35725, -0.89560, -0.47310, 0.76115, -0.44365
0.737548, -0.105, -0.017, -0.763, 0.51270, 0.82509, 0.20956, -0.11161, 0.88725, 0.46026, 0.03071, 0.23137, -0.38645, -0.89282, -0.39906, 0.79926, -0.44937
0.739463, -0.092, -0.017, -0.757, 0.51626, 0.83415, 0.17152, -0.09086, 0.92465, 0.37995, 0.02552, 0.19233, -0.40811, -0.89245, -0.32867, 0.83011, -0.45043
0.741379, -0.080, -0.017, -0.757, 0.51640, 0.84292, 0.13369, -0.07026, 0.95438, 0.29793, 0.01963, 0.15281, -0.43091, -0.88936, -0.25651, 0.85179, -0.45678
0.743295, -0.068, -0.017, -0.765, 0.51117, 0.85316, 0.09480, -0.04293, 0.97834, 0.20564, 0.02366, 0.11786, -0.45945, -0.88035, -0.17017, 0.86407, -0.47373
0.745211, -0.055, -0.017, -0.754, 0.51435, 0.85517, 0.05782, -0.02792, 0.99176, 0.12761, 0.01173, 0.07017, -0.46421, -0.88294, -0.10723, 0.87649, -0.46933
0.747126, -0.043, -0.017, -0.757, 0.50778, 0.86129, 0.01816, 0.00102, 0.99934, 0.03024, 0.02019, 0.03231, -0.48365, -0.87466, -0.01669, 0.87474, -0.48431
0.749042, -0.030, -0.017, -0.753, 0.50461, 0.86274, -0.01946, 0.02565, 0.99793, -0.05947, 0.02461, -0.00770, -0.48997, -0.87170, 0.06390, 0.86971, -0.48941
0.750958, -0.017, -0.017, -0.746, 0.50198, 0.86173, -0.05763, 0.04594, 0.98914, -0.14544, 0.02132, -0.05320, -0.48938, -0.87044, 0.13703, 0.85986, -0.49180
0.752873, -0.004, -0.017, -0.742, 0.49765, 0.85986, -0.09515, 0.06274, 0.97402, -0.22608, 0.01319, -0.10119, -0.48659, -0.86775, 0.20260, 0.84387, -0.49683
0.754789, 0.009, -0.016, -0.734, 0.49454, 0.85496, -0.13161, 0.08455, 0.95106, -0.30867, 0.01441, -0.14141, -0.47621, -0.86789, 0.27475, 0.82338, -0.49656
0.756705, 0.022, -0.016, -0.732, 0.48554, 0.85023, -0.16937, 0.11260, 0.91727, -0.39735, 0.02701, -0.17866, -0.47114, -0.86378, 0.35595, 0.78749, -0.50315
0.758620, 0.034, -0.016, -0.721, 0.47821, 0.84086, -0.20647, 0.14714, 0.87144, -0.48795, 0.04998, -0.20650, -0.45738, -0.86497, 0.44492, 0.74344, -0.49934
0.760536, 0.047, -0.016, -0.716, 0.47547, 0.83165, -0.24119, 0.15531, 0.83541, -0.54886, 0.02897, -0.25348, -0.43152, -0.86576, 0.48768, 0.71592, -0.49962
0.762452, 0.060, -0.016, -0.720, 0.46210, 0.82315, -0.27774, 0.17816, 0.78224, -0.62190, 0.03662, -0.29259, -0.41865, -0.85972, 0.55000, 0.66179, -0.50944
0.764367, 0.073, -0.016, -0.712, 0.45678, 0.80874, -0.31226, 0.19946, 0.72542, -0.68729, 0.03735, -0.32286, -0.38768, -0.86340, 0.60789, 0.61427, -0.50313
0.766283, 0.086, -0.016, -0.714, 0.44262, 0.79453, -0.34732, 0.22841, 0.65440, -0.75411, 0.05550, -0.34971, -0.36691, -0.86202, 0.67042, 0.54470, -0.50382
0.768199, 0.099, -0.016, -0.713, 0.43602, 0.77858, -0.38172, 0.24080, 0.59261, -0.80439, 0.04209, -0.38442, -0.32835, -0.86279, 0.70784, 0.49512, -0.50381
0.770115, 0.111, -0.015, -0.709, 0.42786, 0.75919, -0.41470, 0.26190, 0.51886, -0.85379, 0.04279, -0.40556, -0.28991, -0.86687, 0.75253, 0.43243, -0.49669
0.772030, 0.124, -0.015, -0.708, 0.41660, 0.73821, -0.44648, 0.28662, 0.43702, -0.89800, 0.05116, -0.42038, -0.25421, -0.87101, 0.79517, 0.35914, -0.48859
0.773946, 0.136, -0.015, -0.703, 0.40921, 0.71496, -0.47722, 0.30600, 0.35725, -0.93283, 0.04699, -0.43196, -0.20962, -0.87720, 0.82812, 0.29308, -0.47783
0.775862, 0.150, -0.015, -0.706, 0.39505, 0.69114, -0.50841, 0.32830, 0.26749, -0.96215, 0.05211, -0.44337, -0.17091, -0.87989, 0.85549, 0.21226, -0.47231
0.777777, 0.166, -0.015, -0.718, 0.37820, 0.67102, -0.53987, 0.33945, 0.18662, -0.98130, 0.04719, -0.46777, -0.13100, -0.87409, 0.86392, 0.14105, -0.48347
0.779693, 0.175, -0.015, -0.703, 0.37629, 0.63892, -0.56687, 0.35895, 0.09963, -0.99451, 0.03206, -0.45423, -0.07413, -0.88779, 0.88529, 0.07389, -0.45913
0.781609, 0.187, -0.014, -0.698, 0.36164, 0.60740, -0.59338, 0.38493, -0.00055, -0.99926, 0.03843, -0.44243, -0.03422, -0.89615, 0.89680, -0.01750, -0.44208
0.783524, 0.201, -0.014, -0.704, -0.33917, -0.57913, 0.62129, -0.40443, -0.09915, -0.99396, 0.04698, -0.44527, 0.00209, -0.89539, 0.88989, -0.10969, -0.44279
0.785440, 0.213, -0.014, -0.699, -0.33318, -0.54908, 0.64622, -0.41218, -0.17500, -0.98432, 0.02202, -0.43500, 0.05723, -0.89861, 0.88326, -0.16684, -0.43819
0.787356, 0.222, -0.014, -0.686, -0.33172, -0.51554, 0.66966, -0.41922, -0.24837, -0.96859, -0.01203, -0.41234, 0.11696, -0.90349, 0.87652, -0.21944, -0.42844
0.789271, 0.238, -0.014, -0.695, -0.32134, -0.49083, 0.69396, -0.41744, -0.31166, -0.94950, -0.03621, -0.41295, 0.16967, -0.89481, 0.85577, -0.26392, -0.44497
0.791187, 0.249, -0.014, -0.691, -0.28913, -0.45121, 0.71656, -0.44649, -0.42563, -0.90482, -0.01144, -0.38846, 0.19412, -0.90079, 0.81728, -0.37896, -0.43411
0.793103, 0.262, -0.014, -0.690, -0.27252, -0.41757, 0.73742, -0.45561, -0.50273, -0.86418, -0.02142, -0.36752, 0.23610, -0.89955, 0.78243, -0.44435, -0.43630
0.795019, 0.275, -0.014, -0.691, -0.24291, -0.38041, 0.75815, -0.47063, -0.59257, -0.80546, -0.01025, -0.34818, 0.26759, -0.89843, 0.72638, -0.52881, -0.43901
0.796934, 0.284, -0.014, -0.679, -0.22667, -0.34100, 0.77453, -0.48212, -0.66468, -0.74679, -0.02232, -0.30967, 0.30256, -0.90142, 0.67993, -0.59224, -0.43237
0.798850, 0.295, -0.014, -0.677, -0.20153, -0.30098, 0.79084, -0.49332, -0.73759, -0.67489, -0.02180, -0.27721, 0.33209, -0.90159, 0.61572, -0.65897, -0.43203
0.800766, 0.309, -0.014, -0.680, -0.17092, -0.26218, 0.80565, -0.50297, -0.80410, -0.59438, -0.01166, -0.25052, 0.35657, -0.90006, 0.53913, -0.72081, -0.43562
0.802681, 0.325, -0.014, -0.687, -0.14332, -0.22293, 0.81879, -0.50925, -0.85952, -0.51104, -0.00765, -0.21909, 0.38192, -0.89785, 0.46176, -0.77004, -0.44024
0.804597, 0.341, -0.014, -0.692, -0.12306, -0.18549, 0.83069, -0.51030, -0.90090, -0.43376, -0.01515, -0.18256, 0.41037, -0.89346, 0.39377, -0.80215, -0.44889
0.806513, 0.351, -0.014, -0.687, -0.08128, -0.13661, 0.83508, -0.52667, -0.94946, -0.31377, 0.00815, -0.14254, 0.40791, -0.90182, 0.27964, -0.85741, -0.43203
0.808428, 0.365, -0.014, -0.687, -0.07260, -0.10075, 0.84387, -0.52198, -0.96916, -0.24583, -0.01735, -0.09425, 0.43478, -0.89559, 0.22770, -0.86633, -0.44454
0.810344, 0.373, -0.013, -0.678, -0.05238, -0.06056, 0.84689, -0.52571, -0.98718, -0.15765, -0.02504, -0.04751, 0.43993, -0.89677, 0.15240, -0.88409, -0.44178
0.812260, 0.376, -0.013, -0.660, -0.04036, -0.01949, 0.84753, -0.52885, -0.99598, -0.07573, -0.04780, 0.00965, 0.43988, -0.89801, 0.08903, -0.89486, -0.43738
0.814175, 0.388, -0.013, -0.658, -0.02000, 0.01807, 0.84952, -0.52687, -0.99855, 0.00963, -0.05303, 0.05179, 0.44417, -0.89445, 0.01494, -0.89589, -0.44402
0.816091, 0.402, -0.013, -0.660, 0.01117, 0.05895, 0.84857, -0.52566, -0.99280, 0.11180, -0.04301, 0.08830, 0.44041, -0.89344, -0.08094, -0.89081, -0.44711
0.818007, 0.419, -0.013, -0.667, 0.02715, 0.08908, 0.85221, -0.51485, -0.98266, 0.17978, -0.04544, 0.12387, 0.45400, -0.88235, -0.13800, -0.87268, -0.46839
0.819923, 0.444, -0.014, -0.684, 0.05799, 0.12318, 0.85531, -0.49990, -0.96293, 0.26870, -0.02396, 0.15274, 0.46984, -0.86943, -0.22236, -0.84086, -0.49347
0.821838, 0.467, -0.014, -0.698, 0.09228, 0.15573, 0.85635, -0.48362, -0.93447, 0.35597, 0.00742, 0.17746, 0.48371, -0.85705, -0.30868, -0.79956, -0.51519
0.823754, 0.486, -0.015, -0.706, 0.11077, 0.18915, 0.85576, -0.46863, -0.90390, 0.42756, 0.01230, 0.21992, 0.48921, -0.84399, -0.36687, -0.76018, -0.53622
0.825670, 0.502, -0.015, -0.710, 0.14367, 0.22696, 0.84787, -0.45712, -0.85570, 0.51621, 0.03614, 0.25351, 0.47906, -0.84038, -0.45112, -0.70995, -0.54080
0.827585, 0.529, -0.015, -0.728, 0.18234, 0.26228, 0.84066, -0.43731, -0.79592, 0.60046, 0.07717, 0.28150, 0.47993, -0.83092, -0.53597, -0.63962, -0.55102
0.829501, 0.512, -0.014, -0.688, 0.18307, 0.30718, 0.81600, -0.45418, -0.74425, 0.66761, 0.01975, 0.33502, 0.39873, -0.85368, -0.57780, -0.62874, -0.52042
0.831417, 0.507, -0.013, -0.664, 0.15554, 0.33756, 0.80535, -0.46181, -0.72372, 0.68737, -0.06125, 0.40006, 0.34557, -0.84884, -0.56230, -0.63883, -0.52508
0.833332, 0.506, -0.013, -0.646, 0.10998, 0.35713, 0.80750, -0.45641, -0.72073, 0.67715, -0.14837, 0.47637, 0.32831, -0.81565, -0.50361, -0.65854, -0.55920
0.835248, 0.479, -0.012, -0.596, 0.05655, 0.37294, 0.80656, -0.45517, -0.71544, 0.65307, -0.24828, 0.55011, 0.30747, -0.77643, -0.43072, -0.69207, -0.57924
0.837164, 0.439, -0.011, -0.534, -0.02616, 0.36908, 0.82738, -0.42254, -0.72619, 0.58863, -0.35520, 0.63285, 0.37048, -0.67989, -0.26861, -0.71852, -0.64155
0.839079, 0.404, -0.011, -0.481, -0.08827, 0.36895, 0.84383, -0.37953, -0.71217, 0.55565, -0.42902, 0.68966, 0.43968, -0.57537, -0.13108, -0.70564, -0.69634
0.840995, 0.386, -0.011, -0.449, -0.15150, 0.36838, 0.86560, -0.30345, -0.68269, 0.54579, -0.48585, 0.72968, 0.54443, -0.41371, 0.03871, -0.63695, -0.76993
1.505741, 1.260, 0.400, -2.443, 0.23727, 0.79876, -0.29860, 0.46533, 0.38862, -0.69783, 0.60167, -0.25620, -0.70909, -0.65693, 0.88506, 0.10115, -0.45435
1.636008, 1.344, 0.523, -2.907, 0.40343, 0.37607, 0.77327, 0.31285, -0.39163, 0.32919, 0.85922, 0.83404, 0.52138, 0.18040, -0.38860, 0.78727, -0.47874
1.641755, 1.225, 0.480, -2.672, 0.20739, 0.31217, 0.75008, 0.54491, -0.71908, 0.24229, 0.65132, 0.69432, 0.21126, 0.68796, 0.02909, 0.94693, -0.32014
1.651333, 0.911, 0.364, -2.015, 0.60460, 0.44986, 0.59742, 0.27418, 0.13582, 0.20598, 0.96908, 0.86904, 0.44491, -0.21637, -0.47573, 0.87156, -0.11858
1.653249, 0.931, 0.373, -2.066, 0.59986, 0.45901, 0.59406, 0.27669, 0.14106, 0.21342, 0.96672, 0.87732, 0.42550, -0.22196, -0.45871, 0.87943, -0.12721
1.787348, 1.118, 0.557, -3.112, -0.09469, -0.69536, 0.70056, -0.12932, -0.01502, -0.99877, 0.04718, -0.94979, -0.00050, -0.31288, 0.31252, -0.04951, -0.94862
1.791179, 1.192, 0.595, -3.334, 0.27643, -0.67675, 0.67934, -0.06401, 0.06880, -0.88410, 0.46221, -0.95487, 0.07583, 0.28718, -0.28894, -0.46111, -0.83898
1.800758, 1.184, 0.595, -3.338, 0.21803, -0.63978, 0.73697, 0.00443, -0.08630, -0.94493, 0.31570, -0.94106, 0.18133, 0.28551, -0.32703, -0.27245, -0.90489
1.810336, 0.944, 0.476, -2.676, 0.05772, -0.60197, 0.69855, 0.38252, -0.26860, -0.88518, -0.37989, -0.79686, -0.01738, 0.60391, -0.54117, 0.46493, -0.70070
1.965507, 0.730, 0.422, -2.392, 0.42362, 0.65289, 0.39799, 0.48568, 0.21144, 0.10819, 0.97138, 0.93117, -0.32431, -0.16656, 0.29701, 0.93974, -0.16932
1.975086, 0.728, 0.424, -2.415, 0.45880, 0.71956, 0.37229, 0.36488, 0.45653, 0.20095, 0.86672, 0.87058, -0.30180, -0.38859, 0.18349, 0.93195, -0.31273
1.977001, 0.711, 0.415, -2.367, 0.40649, 0.70575, 0.35848, 0.45626, 0.32664, 0.13507, 0.93545, 0.87692, -0.41252, -0.24664, 0.35258, 0.90088, -0.25319
1.978917, 0.701, 0.409, -2.338, 0.31655, 0.70178, 0.35926, 0.52748, 0.18539, 0.17029, 0.96780, 0.83819, -0.54145, -0.06529, 0.51290, 0.82330, -0.24311
1.982748, 0.539, 0.316, -1.810, 0.39782, 0.67595, 0.30378, 0.54087, 0.23035, -0.01966, 0.97291, 0.84102, -0.49891, -0.20921, 0.48951, 0.86643, -0.09838
1.984664, 0.587, 0.345, -1.976, 0.31055, 0.69192, 0.31779, 0.56904, 0.15040, 0.08635, 0.98485, 0.79321, -0.60513, -0.06808, 0.59008, 0.79143, -0.15950
1.986580, 0.694, 0.408, -2.340, 0.22814, 0.72741, 0.34054, 0.55033, 0.16234, 0.24433, 0.95601, 0.74653, -0.66397, 0.04292, 0.64525, 0.70672, -0.29019
1.988495, 0.547, 0.322, -1.849, 0.25097, 0.68628, 0.30773, 0.60937, 0.06793, 0.11651, 0.99086, 0.72824, -0.68463, 0.03058, 0.68194, 0.71951, -0.13136
1.990411, 0.599, 0.352, -2.030, 0.07246, 0.68668, 0.32968, 0.64384, -0.04643, 0.35946, 0.93200, 0.54608, -0.77212, 0.32500, 0.83644, 0.52404, -0.16045
1.992327, 0.641, 0.378, -2.178, 0.20064, 0.72310, 0.31416, 0.58153, 0.12625, 0.22098, 0.96707, 0.68770, -0.72209, 0.07522, 0.71494, 0.65555, -0.24313
1.994243, 0.569, 0.336, -1.940, 0.30187, 0.71500, 0.28543, 0.56230, 0.20470, 0.06868, 0.97641, 0.74765, -0.65481, -0.11068, 0.63176, 0.75267, -0.18539
1.996158, 0.607, 0.359, -2.077, 0.23515, 0.72572, 0.29591, 0.57486, 0.16394, 0.15914, 0.97355, 0.69985, -0.71429, -0.00109, 0.69522, 0.68152, -0.22847
1.998074, 0.772, 0.457, -2.648, 0.04803, 0.77214, 0.33812, 0.53589, 0.19700, 0.47068, 0.86003, 0.57362, -0.76673, 0.28822, 0.79508, 0.43655, -0.42104
1.999990, 0.577, 0.343, -1.985, 0.14852, 0.71863, 0.28096, 0.61853, 0.07698, 0.22008, 0.97244, 0.58754, -0.79801, 0.13409, 0.80553, 0.56102, -0.19073
2.001905, 0.864, 0.514, -2.980, 0.13885, 0.84345, 0.33489, 0.39643, 0.46139, 0.45485, 0.76173, 0.67502, -0.73714, 0.03129, 0.57573, 0.49975, -0.64713
2.003821, 0.675, 0.401, -2.335, -0.00441, 0.73588, 0.30034, 0.60684, 0.08308, 0.44738, 0.89047, 0.43667, -0.81955, 0.37101, 0.89578, 0.35802, -0.26345
2.005737, 0.777, 0.463, -2.697, -0.21688, 0.76956, 0.34417, 0.49222, 0.27854, 0.74323, 0.60830, 0.31622, -0.66902, 0.67263, 0.90688, 0.00500, -0.42137
2.007653, 0.778, 0.464, -2.706, -0.20442, 0.77167, 0.33149, 0.50284, 0.27453, 0.71718, 0.64053, 0.30602, -0.69666, 0.64886, 0.91159, 0.01788, -0.41072
2.009568, 0.837, 0.500, -2.923, -0.11056, 0.81433, 0.32928, 0.46499, 0.35071, 0.63911, 0.68450, 0.43348, -0.75870, 0.48629, 0.83012, 0.12617, -0.54313
2.011484, 0.767, 0.459, -2.685, 0.09639, 0.81459, 0.27190, 0.50321, 0.34570, 0.34598, 0.87223, 0.53999, -0.83356, 0.11662, 0.76740, 0.43068, -0.47498
2.013400, 0.779, 0.467, -2.737, -0.21348, 0.78377, 0.31089, 0.49342, 0.31975, 0.69802, 0.64073, 0.27667, -0.71554, 0.64145, 0.90621, -0.02784, -0.42191
2.015315, 0.798, 0.479, -2.812, -0.11485, 0.80158, 0.28982, 0.51019, 0.31143, 0.58181, 0.75134, 0.34744, -0.80563, 0.47983, 0.88448, 0.11161, -0.45304
2.017231, 0.723, 0.436, -2.559, 0.26198, 0.82880, 0.22164, 0.44197, 0.51107, 0.13582, 0.84874, 0.59897, -0.76448, -0.23834, 0.61647, 0.63018, -0.47206
2.019147, 0.570, 0.344, -2.026, 0.06852, 0.74189, 0.21004, 0.63308, 0.11018, 0.22489, 0.96813, 0.39841, -0.90238, 0.16427, 0.91057, 0.36761, -0.18902
2.022978, 0.885, 0.535, -3.161, 0.06228, 0.89020, 0.24454, 0.37931, 0.59265, 0.38813, 0.70578, 0.48261, -0.87265, 0.07463, 0.64486, 0.29639, -0.70449
2.024894, 0.678, 0.410, -2.431, -0.07695, 0.75921, 0.21411, 0.60979, 0.16463, 0.41896, 0.89296, 0.23125, -0.89647, 0.37797, 0.95886, 0.14427, -0.24447
2.026809, 0.715, 0.434, -2.575, -0.09234, 0.77442, 0.21132, 0.58915, 0.21650, 0.43611, 0.87346, 0.21850, -0.89363, 0.39202, 0.95152, 0.10598, -0.28876
2.030641, 0.867, 0.528, -3.140, 0.09154, 0.88672, 0.20062, 0.40633, 0.58931, 0.28139, 0.75732, 0.43018, -0.90274, 0.00068, 0.68386, 0.32538, -0.65304
2.032557, 0.888, 0.541, -3.222, 0.04603, 0.89181, 0.19420, 0.40601, 0.59488, 0.30900, 0.74204, 0.38375, -0.92034, 0.07560, 0.70629, 0.23979, -0.66607
2.034472, 0.835, 0.509, -3.036, -0.27902, 0.83327, 0.22894, 0.41880, 0.54438, 0.61525, 0.57019, 0.14784, -0.73947, 0.65676, 0.82571, -0.27324, -0.49351
2.042135, 0.896, 0.549, -3.281, -0.11302, 0.88166, 0.18043, 0.42113, 0.58018, 0.41335, 0.70181, 0.22296, -0.90934, 0.35126, 0.78338, -0.04732, -0.61974
2.044051, 0.586, 0.359, -2.149, -0.48353, 0.74844, 0.22466, 0.39442, 0.58792, 0.71772, 0.37313, -0.04514, -0.43145, 0.90101, 0.80766, -0.54656, -0.22126
2.045966, 0.854, 0.525, -3.139, -0.33338, 0.85903, 0.21843, 0.32127, 0.69815, 0.58948, 0.40633, 0.16106, -0.68230, 0.71311, 0.69760, -0.43241, -0.57129
2.051713, 0.546, 0.336, -2.018, -0.53906, 0.74598, 0.21372, 0.32749, 0.69415, 0.67193, 0.25820, -0.03422, -0.32748, 0.94424, 0.71902, -0.66428, -0.20432
2.059376, 0.627, 0.389, -2.337, -0.47054, 0.77592, 0.18613, 0.37668, 0.64693, 0.64333, 0.40940, -0.06565, -0.48790, 0.87043, 0.75972, -0.58999, -0.27340
2.532552, 0.704, 0.616, -3.701, -0.12065, 0.94853, -0.26330, 0.12808, 0.82854, -0.46859, 0.30650, -0.53040, -0.83224, 0.16143, 0.17944, -0.29632, -0.93808
2.534468, 0.688, 0.604, -3.626, -0.20128, 0.93198, -0.25688, 0.15785, 0.81819, -0.41527, 0.39764, -0.54236, -0.78700, 0.29408, 0.19082, -0.45627, -0.86914
2.540215, 0.682, 0.603, -3.606, -0.11492, 0.95956, -0.24908, -0.06319, 0.86793, -0.49255, -0.06403, -0.46350, -0.84950, 0.25202, -0.17852, -0.18906, -0.96560
2.542131, 0.618, 0.547, -3.274, -0.33187, 0.90843, -0.19995, -0.15698, 0.87076, -0.46747, -0.15249, -0.25909, -0.69977, 0.66573, -0.41792, -0.54018, -0.73044
2.544047, 0.679, 0.603, -3.599, -0.10359, 0.96449, -0.24190, -0.02248, 0.88195, -0.47129, 0.00675, -0.46197, -0.86150, 0.21070, -0.09349, -0.18895, -0.97753
2.545962, 0.667, 0.594, -3.544, -0.18405, 0.93746, -0.24488, 0.16530, 0.82542, -0.39828, 0.40007, -0.51998, -0.81232, 0.26412, 0.21979, -0.42604, -0.87760
2.547878, 0.625, 0.558, -3.327, -0.12792, 0.90342, -0.26027, 0.31579, 0.66507, -0.38947, 0.63717, -0.55105, -0.83180, 0.06674, 0.50400, -0.39551, -0.76783
2.549794, 0.593, 0.532, -3.164, 0.10468, 0.89015, -0.27544, 0.34757, 0.60666, -0.56313, 0.56111, -0.41760, -0.82635, -0.37782, 0.67644, -0.00511, -0.73648
2.551709, 0.544, 0.488, -2.904, -0.41658, 0.87326, -0.16841, -0.18848, 0.87222, -0.45117, -0.18887, -0.13710, -0.59620, 0.79104, -0.46950, -0.66407, -0.58188
2.553625, 0.565, 0.507, -3.017, -0.28337, 0.90237, -0.18044, -0.26996, 0.78913, -0.47865, -0.38493, -0.17266, -0.77428, 0.60883, -0.58946, -0.41399, -0.69365
2.555541, 0.646, 0.582, -3.457, -0.22313, 0.94796, -0.21715, -0.06656, 0.89683, -0.44140, -0.02928, -0.38199, -0.80612, 0.45194, -0.22309, -0.39413, -0.89157
2.557456, 0.642, 0.580, -3.440, -0.04139, 0.94061, -0.24815, 0.22796, 0.77291, -0.44796, 0.44938, -0.48570, -0.87341, -0.03527, 0.40830, -0.19101, -0.89264
2.559372, 0.634, 0.574, -3.403, -0.20943, 0.93052, -0.22730, 0.19648, 0.81947, -0.34071, 0.46086, -0.50531, -0.80895, 0.30045, 0.27044, -0.47908, -0.83507
2.561288, 0.485, 0.441, -2.611, -0.19777, 0.82327, -0.23730, 0.47624, 0.43378, -0.20234, 0.87801, -0.57909, -0.80915, 0.09962, 0.69028, -0.55166, -0.46816
2.563204, 0.636, 0.579, -3.425, -0.23654, 0.93923, -0.21653, 0.12257, 0.87618, -0.34875, 0.33268, -0.46472, -0.79434, 0.39124, 0.12782, -0.49740, -0.85805
2.565119, 0.630, 0.575, -3.392, -0.22033, 0.95189, -0.20525, -0.05688, 0.90928, -0.41581, -0.01784, -0.36568, -0.81866, 0.44281, -0.19873, -0.39611, -0.89644
2.567035, 0.626, 0.573, -3.383, -0.25769, 0.94490, -0.20167, 0.00986, 0.91846, -0.37603, 0.12257, -0.38620, -0.78586, 0.48300, -0.08530, -0.49095, -0.86700
2.568951, 0.620, 0.569, -3.351, -0.27816, 0.94038, -0.19573, 0.00083, 0.92338, -0.36767, 0.11044, -0.36859, -0.76863, 0.52283, -0.10734, -0.52348, -0.84525
2.570866, 0.583, 0.537, -3.160, -0.17639, 0.90478, -0.22521, 0.31551, 0.69947, -0.29623, 0.65037, -0.51883, -0.83634, 0.17707, 0.49148, -0.46129, -0.73869
2.572782, 0.501, 0.463, -2.721, -0.05509, 0.84054, -0.23623, 0.48442, 0.41907, -0.34374, 0.84037, -0.45049, -0.88232, -0.13626, 0.78831, -0.32147, -0.52461
2.574698, 0.513, 0.476, -2.791, -0.32555, 0.85376, -0.20117, 0.35304, 0.66979, -0.11363, 0.73381, -0.57337, -0.70709, 0.41385, 0.47185, -0.69793, -0.53875
2.576613, 0.599, 0.556, -3.256, -0.31030, 0.93305, -0.18046, 0.02351, 0.93376, -0.32217, 0.15587, -0.35135, -0.74229, 0.57058, -0.06813, -0.58755, -0.80632
2.578529, 0.552, 0.513, -3.004, -0.40871, 0.89776, -0.15633, -0.05038, 0.94605, -0.32187, 0.03732, -0.23951, -0.61703, 0.74961, -0.21825, -0.71810, -0.66083
2.580445, 0.593, 0.554, -3.239, -0.30715, 0.92489, -0.18358, 0.12862, 0.89952, -0.26057, 0.35068, -0.41858, -0.74392, 0.52094, 0.12514, -0.61538, -0.77823
2.582361, 0.603, 0.564, -3.291, -0.27781, 0.94199, -0.17844, 0.06022, 0.92906, -0.30272, 0.21260, -0.36964, -0.78196, 0.50190, 0.01431, -0.54488, -0.83839
2.584276, 0.577, 0.542, -3.160, -0.22868, 0.91375, -0.19378, 0.27424, 0.77448, -0.22872, 0.58980, -0.47957, -0.82031, 0.31163, 0.41254, -0.52420, -0.74500
2.586192, 0.601, 0.565, -3.290, -0.26993, 0.94364, -0.17433, 0.07932, 0.92664, -0.28618, 0.24381, -0.37183, -0.79350, 0.48177, 0.05559, -0.53708, -0.84169
2.588108, 0.613, 0.579, -3.364, -0.08282, 0.96444, -0.20300, 0.14760, 0.87401, -0.36712, 0.31833, -0.41602, -0.90386, 0.09983, 0.25107, -0.21968, -0.94271
2.590023, 0.610, 0.577, -3.352, -0.06421, 0.97533, -0.19633, 0.07781, 0.91080, -0.37298, 0.17700, -0.39297, -0.91466, 0.09470, 0.12658, -0.15581, -0.97964
2.591939, 0.602, 0.572, -3.317, -0.10434, 0.96072, -0.19481, 0.16788, 0.86773, -0.33929, 0.36322, -0.40935, -0.90232, 0.13507, 0.28191, -0.26589, -0.92186
2.593855, 0.582, 0.554, -3.207, 0.09912, 0.96881, -0.19737, 0.11234, 0.89685, -0.40471, 0.17854, -0.36017, -0.90244, -0.23640, 0.25679, 0.14771, -0.95511
2.595770, 0.596, 0.569, -3.290, 0.02016, 0.97510, -0.18826, 0.11544, 0.90246, -0.37180, 0.21754, -0.36249, -0.92830, -0.08278, 0.23273, -0.00415, -0.97253
2.597686, 0.574, 0.550, -3.177, -0.22555, 0.93229, -0.17034, 0.22571, 0.84008, -0.21581, 0.49769, -0.41944, -0.84022, 0.34366, 0.34401, -0.49745, -0.79637
2.599602, 0.539, 0.517, -2.985, -0.28324, 0.89662, -0.16658, 0.29682, 0.76830, -0.13057, 0.62663, -0.46685, -0.78406, 0.40902, 0.43791, -0.60680, -0.66335
2.601517, 0.596, 0.573, -3.299, -0.08844, 0.98204, -0.16656, -0.00605, 0.94444, -0.32821, 0.01758, -0.32607, -0.92887, 0.17571, -0.04135, -0.17168, -0.98428
2.603433, 0.484, 0.468, -2.690, -0.05024, 0.85821, -0.19060, 0.47394, 0.47810, -0.27953, 0.83263, -0.37478, -0.92229, -0.09443, 0.79433, -0.26691, -0.54571
2.605349, 0.535, 0.519, -2.977, 0.07008, 0.92298, -0.19719, 0.32298, 0.71360, -0.40928, 0.56856, -0.31874, -0.91241, -0.25675, 0.62384, 0.00199, -0.78155
2.607265, 0.525, 0.509, -2.925, -0.33272, 0.89038, -0.14865, 0.27280, 0.80697, -0.08317, 0.58471, -0.44624, -0.73440, 0.51139, 0.38688, -0.67360, -0.62976
2.609180, 0.551, 0.536, -3.069, -0.05105, 0.92728, -0.17805, 0.32535, 0.72489, -0.29697, 0.62156, -0.36341, -0.93139, -0.02118, 0.58520, -0.21053, -0.78308
2.611096, 0.529, 0.516, -2.951, -0.14124, 0.90037, -0.16904, 0.37524, 0.66124, -0.19840, 0.72347, -0.41041, -0.90295, 0.12748, 0.62796, -0.38121, -0.67849
2.613012, 0.415, 0.407, -2.322, 0.03992, 0.81853, -0.17994, 0.54410, 0.34316, -0.33800, 0.87635, -0.25112, -0.93206, -0.26116, 0.90509, -0.13045, -0.40472
2.614927, 0.519, 0.510, -2.904, -0.11129, 0.89790, -0.16205, 0.39386, 0.63724, -0.20334, 0.74336, -0.37867, -0.92271, 0.07220, 0.67122, -0.32749, -0.66498
2.616843, 0.498, 0.491, -2.790, 0.10499, 0.90469, -0.17903, 0.37211, 0.65896, -0.40207, 0.63569, -0.24579, -0.91385, -0.32321, 0.71088, 0.05673, -0.70102
2.618759, 0.503, 0.497, -2.823, 0.00913, 0.89363, -0.16967, 0.41540, 0.59730, -0.31083, 0.73933, -0.29566, -0.94226, -0.15728, 0.74553, -0.12465, -0.65471
2.620674, 0.510, 0.505, -2.864, -0.28004, 0.88768, -0.13750, 0.33866, 0.73281, -0.05444, 0.67825, -0.43379, -0.80534, 0.40404, 0.52423, -0.59031, -0.61378
2.622590, 0.558, 0.554, -3.135, 0.02947, 0.95541, -0.15672, 0.24853, 0.82735, -0.31410, 0.46566, -0.28481, -0.94914, -0.13421, 0.48413, -0.02159, -0.87473
2.624506, 0.537, 0.534, -3.019, -0.15928, 0.91761, -0.14043, 0.33600, 0.73477, -0.15068, 0.66137, -0.36475, -0.90982, 0.19794, 0.57190, -0.38667, -0.72347
2.626421, 0.478, 0.477, -2.692, -0.12813, 0.86250, -0.14618, 0.46723, 0.52065, -0.13243, 0.84344, -0.37190, -0.92443, 0.08443, 0.76852, -0.35763, -0.53055
2.628337, 0.447, 0.448, -2.523, -0.05135, 0.84142, -0.14991, 0.51663, 0.42125, -0.19921, 0.88480, -0.30532, -0.94978, -0.06848, 0.85401, -0.24130, -0.46092
2.630253, 0.533, 0.535, -3.005, 0.06821, 0.93948, -0.14821, 0.30126, 0.77455, -0.31959, 0.54584, -0.23739, -0.94676, -0.21747, 0.58628, 0.03887, -0.80918
2.632169, 0.524, 0.527, -2.961, -0.08615, 0.91103, -0.13392, 0.38036, 0.67478, -0.17848, 0.71611, -0.30955, -0.94929, 0.05509, 0.66996, -0.25885, -0.69581
2.634084, 0.577, 0.582, -3.258, -0.04808, 0.97652, -0.12221, 0.17080, 0.91179, -0.22225, 0.34532, -0.25510, -0.96551, 0.05216, 0.32182, -0.13565, -0.93703
2.636000, 0.508, 0.514, -2.871, 0.23753, 0.94825, -0.14033, 0.15721, 0.91118, -0.34082, 0.23148, -0.19145, -0.84778, -0.49459, 0.36481, 0.40635, -0.83773
2.637916, 0.464, 0.471, -2.626, 0.16902, 0.89708, -0.14101, 0.38314, 0.66664, -0.38251, 0.63975, -0.12347, -0.90310, -0.41130, 0.73509, 0.19520, -0.64926
2.639831, 0.548, 0.556, -3.099, 0.07899, 0.95572, -0.12654, 0.25366, 0.83929, -0.28194, 0.46487, -0.20179, -0.95550, -0.21518, 0.50485, 0.08679, -0.85883
2.641747, 0.409, 0.417, -2.317, 0.25304, 0.87366, -0.13605, 0.39265, 0.65463, -0.43644, 0.61724, -0.03901, -0.83492, -0.54898, 0.75494, 0.33530, -0.56359
2.643663, 0.373, 0.381, -2.114, 0.27517, 0.85490, -0.13880, 0.41732, 0.61316, -0.46699, 0.63715, -0.00766, -0.81003, -0.58634, 0.78992, 0.35464, -0.50025
2.645578, 0.404, 0.414, -2.292, 0.22333, 0.86257, -0.13181, 0.43441, 0.58782, -0.42144, 0.69055, -0.03336, -0.86549, -0.49981, 0.80830, 0.27076, -0.52281
2.647494, 0.465, 0.477, -2.636, 0.22660, 0.90631, -0.12535, 0.33398, 0.74549, -0.37858, 0.54857, -0.07586, -0.86588, -0.49447, 0.66219, 0.32701, -0.67422
2.649410, 0.447, 0.460, -2.537, 0.29453, 0.90552, -0.12387, 0.27919, 0.81341, -0.38880, 0.43266, -0.05987, -0.79581, -0.60257, 0.57860, 0.46424, -0.67060
2.651325, 0.411, 0.424, -2.334, 0.19546, 0.86040, -0.12393, 0.45405, 0.55697, -0.39075, 0.73287, -0.03576, -0.89288, -0.44888, 0.82976, 0.22381, -0.51128
2.653241, 0.587, 0.606, -3.331, 0.01193, 0.98540, -0.08578, 0.14659, 0.94230, -0.17256, 0.28685, -0.16557, -0.98500, -0.04866, 0.29095, -0.00164, -0.95674
2.655157, 0.527, 0.545, -2.991, 0.17106, 0.94359, -0.10359, 0.26391, 0.83924, -0.28579, 0.46260, -0.10521, -0.92002, -0.37749, 0.53348, 0.26813, -0.80219
2.657073, 0.407, 0.423, -2.312, 0.31820, 0.87965, -0.11541, 0.33414, 0.75006, -0.41569, 0.51440, 0.00960, -0.77086, -0.63693, 0.66129, 0.48268, -0.57420
2.658988, 0.459, 0.477, -2.605, 0.33809, 0.91282, -0.10444, 0.20384, 0.89508, -0.32850, 0.30152, -0.05283, -0.74957, -0.65981, 0.44276, 0.57465, -0.68828
2.660904, 0.508, 0.529, -2.883, 0.24425, 0.93419, -0.10083, 0.23970, 0.86475, -0.30549, 0.39859, -0.07130, -0.86034, -0.50470, 0.49711, 0.40802, -0.76577
2.662820, 0.483, 0.503, -2.735, 0.33370, 0.92682, -0.09078, 0.14631, 0.94070, -0.26593, 0.21062, -0.07063, -0.76080, -0.64513, 0.33180, 0.59200, -0.73447
2.664735, 0.522, 0.545, -2.962, 0.08330, 0.91098, -0.09517, 0.39259, 0.67363, -0.23880, 0.69942, -0.10799, -0.96801, -0.22649, 0.73113, 0.07704, -0.67787
2.666651, 0.366, 0.384, -2.079, 0.22741, 0.83236, -0.11624, 0.49189, 0.48907, -0.41722, 0.76598, 0.03022, -0.86954, -0.49293, 0.87172, 0.26423, -0.41266
2.668567, 0.434, 0.454, -2.457, 0.34161, 0.88973, -0.10378, 0.28446, 0.81663, -0.37902, 0.43527, 0.00967, -0.74506, -0.66693, 0.57708, 0.54884, -0.60477
2.670482, 0.408, 0.428, -2.311, 0.25065, 0.85986, -0.10828, 0.43139, 0.60436, -0.40246, 0.68759, 0.03005, -0.85090, -0.52446, 0.79614, 0.33762, -0.50216
2.672398, 0.381, 0.400, -2.156, 0.41051, 0.86530, -0.10186, 0.26900, 0.83452, -0.39714, 0.38191, 0.04458, -0.64220, -0.76524, 0.54917, 0.65563, -0.51823
2.674314, 0.437, 0.460, -2.473, 0.27781, 0.87771, -0.10232, 0.37680, 0.69510, -0.38898, 0.60460, 0.02975, -0.82470, -0.56478, 0.71830, 0.41057, -0.56168
2.676229, 0.416, 0.438, -2.349, 0.43479, 0.89780, -0.06582, -0.02417, 0.99017, -0.09717, -0.10063, -0.13920, -0.61325, -0.77753, 0.01384, 0.78389, -0.62075
2.678145, 0.523, 0.550, -2.950, 0.31695, 0.94619, -0.06168, 0.02144, 0.99147, -0.13031, 0.00148, -0.10313, -0.79148, -0.60243, 0.07968, 0.59714, -0.79817
2.680061, 0.552, 0.582, -3.114, 0.27372, 0.95919, -0.06263, 0.03331, 0.98994, -0.13838, 0.02961, -0.10191, -0.84231, -0.52926, 0.09819, 0.52092, -0.84794
2.681977, 0.441, 0.466, -2.488, 0.39498, 0.88986, -0.09410, 0.20805, 0.89572, -0.33182, 0.29594, -0.00311, -0.67027, -0.74211, 0.44461, 0.66380, -0.60141
2.683892, 0.430, 0.455, -2.425, 0.44605, 0.88627, -0.07740, 0.09782, 0.96888, -0.22447, 0.10434, -0.04994, -0.59009, -0.80579, 0.24244, 0.77551, -0.58293
2.685808, 0.398, 0.422, -2.245, 0.31355, 0.85850, -0.10669, 0.39152, 0.67066, -0.42870, 0.60533, 0.06234, -0.78061, -0.62190, 0.73914, 0.45482, -0.49680
