%YAML:1.0
---
R_CG: !!opencv-matrix
   rows: 3
   cols: 3
   dt: d
   data: [ -9.9705743789672852e-01, 2.6100978255271912e-02,
       -7.2078965604305267e-02, -4.5783430337905884e-02,
       -9.5689344406127930e-01, 2.8680840134620667e-01,
       -6.1485897749662399e-02, 2.8926447033882141e-01,
       9.5527249574661255e-01 ]
T_CG: !!opencv-matrix
   rows: 3
   cols: 1
   dt: d
   data: [ 6.5209969878196716e-02, 2.0620611310005188e-01,
       -2.3707511425018311e+00 ]
cam_exposure_us: 4.4759551688330282e+02
cam_gain: 7.4458422379781544e+00
