t_ms, x_m, y_m, z_m, qw, qx, qy, qz, R00, R01, R02, R10, R11, R12, R20, R21, R22
1.419535, -0.644, 0.418, -1.204, -0.28231, -0.51603, 0.77098, -0.24412, -0.30802, -0.93354, -0.18337, -0.65786, 0.34823, -0.66780, 0.68727, -0.08506, -0.72140
1.421450, -0.687, 0.463, -1.333, -0.21452, -0.44995, 0.83878, -0.21904, -0.50306, -0.84879, -0.16276, -0.66084, 0.49914, -0.56049, 0.55698, -0.17440, -0.81201
1.423366, -0.697, 0.489, -1.407, -0.31968, -0.40313, 0.84638, -0.13760, -0.47058, -0.77038, -0.43020, -0.59442, 0.63711, -0.49067, 0.65209, 0.02483, -0.75774
1.425282, -0.707, 0.516, -1.486, -0.35320, -0.33842, 0.87038, -0.05613, -0.52144, -0.62876, -0.57685, -0.54946, 0.76464, -0.33678, 0.65284, 0.14135, -0.74420
1.427197, -0.636, 0.484, -1.394, -0.40888, -0.29611, 0.86004, -0.07395, -0.49026, -0.56981, -0.65951, -0.44886, 0.81370, -0.36936, 0.74711, 0.11495, -0.65469
1.429113, -0.593, 0.471, -1.354, -0.37017, -0.24545, 0.88744, -0.12322, -0.60545, -0.52687, -0.59652, -0.34442, 0.84914, -0.40042, 0.71750, -0.03698, -0.69558
1.431029, -0.582, 0.482, -1.388, -0.30405, -0.18277, 0.92425, -0.14114, -0.74830, -0.42367, -0.51044, -0.25202, 0.89335, -0.37203, 0.61362, -0.14975, -0.77527
1.432944, -0.568, 0.493, -1.419, -0.34452, -0.12619, 0.92612, -0.08760, -0.73076, -0.29411, -0.61603, -0.17338, 0.95280, -0.24922, 0.66025, -0.07531, -0.74726
1.434860, -0.585, 0.532, -1.533, -0.29340, -0.04603, 0.95469, 0.01918, -0.82360, -0.07663, -0.56197, -0.09914, 0.99503, 0.00961, 0.55844, 0.06363, -0.82710
1.436776, -0.568, 0.544, -1.566, -0.18309, 0.03051, 0.98226, 0.02650, -0.93109, 0.06965, -0.35808, 0.05024, 0.99673, 0.06323, 0.36131, 0.04088, -0.93155
1.438691, -0.542, 0.547, -1.573, -0.22154, 0.08533, 0.96880, 0.07120, -0.88727, 0.19688, -0.41711, 0.13379, 0.97530, 0.17576, 0.44141, 0.10014, -0.89170
1.440607, -0.513, 0.548, -1.575, -0.17618, 0.14273, 0.97239, 0.05528, -0.89718, 0.29706, -0.32684, 0.25810, 0.95314, 0.15779, 0.35840, 0.05721, -0.93181
1.442523, -0.481, 0.545, -1.564, -0.13699, 0.19189, 0.97181, -0.00069, -0.88883, 0.37276, -0.26652, 0.37314, 0.92636, 0.05122, 0.26599, -0.05392, -0.96247
1.444439, -0.452, 0.545, -1.564, -0.11621, 0.24525, 0.96229, -0.01884, -0.85270, 0.46762, -0.23290, 0.47638, 0.87900, 0.02074, 0.21442, -0.09327, -0.97228
1.446354, -0.410, 0.528, -1.514, -0.05860, 0.29200, 0.95018, -0.09194, -0.82260, 0.54414, -0.16505, 0.56569, 0.81256, -0.14049, 0.05766, -0.20893, -0.97623
1.448270, -0.380, 0.526, -1.506, -0.01235, 0.34985, 0.93230, -0.09091, -0.75490, 0.65009, -0.08665, 0.65458, 0.73868, -0.16087, -0.04058, -0.17816, -0.98316
1.450186, -0.361, 0.539, -1.543, 0.01311, 0.41001, 0.91086, -0.04531, -0.66344, 0.74811, -0.01326, 0.74573, 0.65968, -0.09330, -0.06105, -0.07179, -0.99555
1.452101, -0.341, 0.553, -1.581, -0.03067, 0.45353, 0.88897, -0.05574, -0.58675, 0.80292, -0.10509, 0.80976, 0.58242, -0.07128, 0.00397, -0.12692, -0.99191
1.454017, -0.305, 0.541, -1.544, -0.01114, 0.49456, 0.86070, -0.12033, -0.51057, 0.84866, -0.13820, 0.85402, 0.48185, -0.19612, -0.09985, -0.21816, -0.97079
1.455933, -0.281, 0.550, -1.567, -0.01250, 0.54229, 0.83192, -0.11694, -0.41152, 0.89937, -0.14762, 0.90521, 0.38448, -0.18102, -0.10604, -0.20812, -0.97234
1.457848, -0.244, 0.533, -1.516, 0.09534, 0.59400, 0.79007, -0.11771, -0.27614, 0.96106, 0.01082, 0.91616, 0.26661, -0.29927, -0.29050, -0.07273, -0.95411
1.459764, -0.215, 0.530, -1.507, 0.10950, 0.63367, 0.75235, -0.14297, -0.17295, 0.98479, -0.01642, 0.92217, 0.15606, -0.35390, -0.34596, -0.07635, -0.93514
1.461680, -0.177, 0.503, -1.428, 0.17456, 0.66501, 0.70472, -0.17509, -0.05457, 0.99842, 0.01316, 0.87617, 0.05420, -0.47894, -0.47890, -0.01461, -0.87775
1.463596, -0.163, 0.542, -1.536, 0.17483, 0.73189, 0.65551, -0.06394, 0.13244, 0.98187, 0.13560, 0.93715, -0.07949, -0.33974, -0.32280, 0.17207, -0.93069
1.465511, -0.134, 0.539, -1.526, 0.15845, 0.75820, 0.61773, -0.13576, 0.19996, 0.97975, -0.01011, 0.89371, -0.18661, -0.40800, -0.40163, 0.07255, -0.91293
1.467427, -0.105, 0.534, -1.510, 0.17296, 0.78816, 0.57018, -0.15423, 0.30221, 0.95214, -0.04588, 0.84544, -0.28995, -0.44851, -0.44035, 0.09675, -0.89260
1.469343, -0.077, 0.530, -1.497, 0.21226, 0.82737, 0.50655, -0.11750, 0.45920, 0.88809, 0.02060, 0.78833, -0.39671, -0.47027, -0.40947, 0.23219, -0.88228
1.471258, -0.050, 0.536, -1.514, 0.23120, 0.86559, 0.44084, -0.05445, 0.60539, 0.78835, 0.10959, 0.73799, -0.50442, -0.44825, -0.29810, 0.35224, -0.88716
1.473174, -0.022, 0.530, -1.498, 0.20728, 0.87996, 0.40253, -0.14381, 0.63458, 0.76803, -0.08621, 0.64880, -0.59001, -0.48056, -0.41996, 0.24902, -0.87271
1.475090, 0.005, 0.523, -1.476, 0.24460, 0.90672, 0.33079, -0.09281, 0.76393, 0.64526, -0.00649, 0.55446, -0.66151, -0.50496, -0.33013, 0.38216, -0.86312
1.477005, 0.035, 0.560, -1.583, 0.17430, 0.93544, 0.28696, -0.11057, 0.81085, 0.57542, -0.10684, 0.49833, -0.77454, -0.38956, -0.30691, 0.26263, -0.91479
1.478921, 0.063, 0.555, -1.569, 0.17933, 0.95019, 0.22769, -0.11460, 0.87005, 0.47380, -0.13611, 0.39160, -0.83199, -0.39298, -0.29944, 0.28861, -0.90942
1.480837, 0.088, 0.539, -1.525, 0.20231, 0.95754, 0.16597, -0.12100, 0.91563, 0.36681, -0.16457, 0.26889, -0.86305, -0.42761, -0.29888, 0.34728, -0.88886
1.482752, 0.112, 0.519, -1.471, 0.19148, 0.95692, 0.11930, -0.18278, 0.90472, 0.29832, -0.30412, 0.15833, -0.89821, -0.41006, -0.39550, 0.32284, -0.85986
1.484668, 0.144, 0.544, -1.543, 0.20368, 0.97538, 0.04224, -0.07320, 0.98572, 0.11222, -0.12558, 0.05259, -0.91346, -0.40352, -0.16000, 0.39116, -0.90631
1.486584, 0.159, 0.503, -1.428, 0.19285, 0.96047, 0.00866, -0.20058, 0.91938, 0.09401, -0.38196, -0.06072, -0.92547, -0.37393, -0.38865, 0.36698, -0.84515
1.488500, 0.202, 0.552, -1.571, 0.16022, 0.98136, -0.07588, -0.07413, 0.97749, -0.12517, -0.16981, -0.17268, -0.93714, -0.30322, -0.12119, 0.32572, -0.93767
1.490415, 0.227, 0.547, -1.561, 0.16639, 0.97598, -0.13547, -0.03777, 0.96044, -0.25186, -0.11881, -0.27700, -0.90793, -0.31455, -0.02865, 0.33502, -0.94178
1.492331, 0.249, 0.535, -1.529, 0.17705, 0.96363, -0.18886, -0.06642, 0.91984, -0.34045, -0.19488, -0.38749, -0.86598, -0.31613, -0.06113, 0.36630, -0.92849
1.494247, 0.293, 0.570, -1.631, 0.09161, 0.96382, -0.24986, -0.01507, 0.87468, -0.47889, -0.07482, -0.48441, -0.85835, -0.16906, 0.01674, 0.18412, -0.98276
1.496162, 0.309, 0.549, -1.574, 0.12783, 0.94222, -0.30931, 0.01430, 0.80825, -0.58653, -0.05214, -0.57922, -0.77597, -0.24974, 0.10602, 0.23205, -0.96691
1.498078, 0.344, 0.562, -1.615, 0.08564, 0.92802, -0.36181, 0.02299, 0.73713, -0.67548, -0.01929, -0.66760, -0.72352, -0.17560, 0.10465, 0.14232, -0.98427
1.499994, 0.382, 0.576, -1.661, -0.00465, 0.91806, -0.38466, -0.09579, 0.68572, -0.70717, -0.17232, -0.70539, -0.70403, 0.08223, -0.17947, 0.06517, -0.98160
1.501909, 0.412, 0.580, -1.675, 0.01462, 0.88987, -0.45585, 0.01076, 0.58417, -0.81161, 0.00582, -0.81098, -0.58398, -0.03583, 0.03248, 0.01622, -0.99934
1.503825, 0.448, 0.590, -1.707, -0.03992, 0.86656, -0.49715, -0.01804, 0.50503, -0.86306, 0.00843, -0.86018, -0.50249, 0.08713, -0.07097, -0.05125, -0.99616
1.505741, 0.468, 0.580, -1.681, -0.01790, 0.81825, -0.56388, 0.11039, 0.33971, -0.91884, 0.20084, -0.92674, -0.36344, -0.09519, 0.16046, -0.15379, -0.97499
1.507656, 0.502, 0.586, -1.704, -0.05860, 0.78304, -0.60642, 0.12522, 0.23316, -0.93501, 0.26718, -0.96437, -0.25765, -0.06009, 0.12503, -0.24365, -0.96177
1.509572, 0.543, 0.600, -1.749, -0.19739, 0.73330, -0.63628, 0.13583, 0.15338, -0.87955, 0.45040, -0.98680, -0.11236, 0.11664, -0.05198, -0.46234, -0.88518
1.511488, 0.550, 0.578, -1.687, -0.07054, 0.69411, -0.69119, 0.18839, -0.02648, -0.93295, 0.35904, -0.98610, -0.03456, -0.16251, 0.16402, -0.35835, -0.91906
1.513404, 0.592, 0.592, -1.733, 0.17034, -0.64646, 0.71978, -0.18706, -0.10615, -0.86689, 0.48706, -0.99434, 0.09420, -0.04905, -0.00336, -0.48951, -0.87199
1.515319, 0.605, 0.576, -1.691, -0.00408, -0.62488, 0.76466, -0.15746, -0.21901, -0.95694, 0.19054, -0.95437, 0.16945, -0.24591, 0.20303, -0.23570, -0.95038
1.517235, 0.640, 0.584, -1.717, 0.12701, -0.55379, 0.79295, -0.22002, -0.35437, -0.82237, 0.44512, -0.93415, 0.28981, -0.20826, 0.04227, -0.48961, -0.87091
1.519151, 0.649, 0.568, -1.673, 0.16743, -0.48149, 0.81473, -0.27630, -0.48026, -0.69206, 0.53889, -0.87710, 0.38364, -0.28899, -0.00674, -0.61145, -0.79125
1.544055, 0.290, 0.164, -0.501, -0.32712, 0.19837, 0.88616, -0.26146, -0.70728, 0.18052, -0.68350, 0.52264, 0.78457, -0.33360, 0.47603, -0.59318, -0.64926
1.568959, 0.820, 0.350, -1.102, 0.46122, 0.79778, 0.37038, -0.11678, 0.69837, 0.69868, 0.15533, 0.48324, -0.30019, -0.82241, -0.52797, 0.64941, -0.54728
1.570874, 0.885, 0.370, -1.171, 0.41770, 0.83390, 0.33830, -0.12525, 0.73973, 0.66885, 0.07373, 0.45959, -0.42215, -0.78139, -0.49151, 0.61190, -0.61968
2.237536, 0.906, 0.780, -2.189, -0.27466, 0.04072, 0.95684, -0.08581, -0.84581, 0.03079, -0.53259, 0.12507, 0.98196, -0.14185, 0.51862, -0.18659, -0.83440
2.446346, 0.564, 0.484, -1.914, -0.06278, 0.13968, 0.85793, -0.49041, -0.95309, 0.17811, -0.24472, 0.30125, 0.47998, -0.82394, -0.02929, -0.85901, -0.51112
2.448262, 0.567, 0.487, -1.933, -0.31221, 0.08052, 0.89735, -0.30134, -0.79209, -0.04364, -0.60885, 0.33267, 0.80542, -0.49053, 0.51179, -0.59109, -0.62345
2.498070, 0.939, 0.805, -3.538, -0.21820, 0.61108, 0.72568, 0.22883, -0.15794, 0.98675, -0.03702, 0.78704, 0.14844, 0.59878, 0.59634, 0.06544, -0.80006
2.499986, 0.866, 0.744, -3.276, 0.10398, 0.68529, 0.69410, -0.19440, -0.03914, 0.99175, -0.12210, 0.91089, -0.01483, -0.41238, -0.41078, -0.12736, -0.90279
2.501901, 0.906, 0.777, -3.441, -0.23319, 0.64432, 0.71981, 0.11110, -0.06094, 0.97940, -0.19254, 0.87576, 0.14501, 0.46045, 0.47888, -0.14056, -0.86656
2.503817, 0.523, 0.449, -1.991, 0.43621, 0.67468, 0.52695, -0.27720, 0.29095, 0.95289, 0.08568, 0.46922, -0.06408, -0.88075, -0.83377, 0.29646, -0.46576
2.505733, 0.932, 0.801, -3.567, -0.15753, 0.68296, 0.66556, 0.25648, -0.01750, 0.98990, 0.14065, 0.82829, -0.06444, 0.55657, 0.56002, 0.12624, -0.81881
2.507648, 0.863, 0.742, -3.315, -0.26236, 0.69833, 0.66595, 0.00397, 0.11299, 0.93218, -0.34390, 0.92802, 0.02464, 0.37171, 0.35498, -0.36115, -0.86230
2.509564, 0.866, 0.745, -3.337, -0.25385, 0.68952, 0.61086, 0.29491, 0.07976, 0.99213, 0.09656, 0.69268, -0.12483, 0.71036, 0.71682, 0.01023, -0.69718
2.511480, 0.840, 0.724, -3.248, 0.04774, 0.77974, 0.60099, -0.16894, 0.22053, 0.95336, -0.20608, 0.92110, -0.27306, -0.27752, -0.32085, -0.12862, -0.93836
2.513396, 0.938, 0.807, -3.635, 0.06368, 0.80036, 0.57275, 0.16530, 0.28926, 0.89576, 0.33755, 0.93787, -0.33580, 0.08741, 0.19165, 0.29130, -0.93724
2.517227, 0.799, 0.688, -3.117, 0.24919, 0.75547, 0.45711, 0.39777, 0.26566, 0.49243, 0.82881, 0.88891, -0.45791, -0.01286, 0.37319, 0.74015, -0.55938
2.519143, 0.869, 0.747, -3.397, -0.25612, 0.78000, 0.54016, 0.18502, 0.34798, 0.93742, 0.01195, 0.74787, -0.28526, 0.59943, 0.56533, -0.19966, -0.80034
2.521058, 0.800, 0.688, -3.137, -0.05740, 0.74327, 0.44466, 0.49652, 0.11150, 0.71801, 0.68705, 0.60401, -0.59797, 0.52689, 0.78914, 0.35623, -0.50035
2.526805, 0.613, 0.527, -2.423, 0.43540, 0.83200, 0.33749, 0.06557, 0.76361, 0.50449, 0.40299, 0.61867, -0.39306, -0.68026, -0.18478, 0.76877, -0.61225
2.530637, 0.894, 0.769, -3.557, 0.06041, 0.91084, 0.38529, 0.13517, 0.66656, 0.68554, 0.29279, 0.71821, -0.69581, -0.00588, 0.19970, 0.21421, -0.95616
2.532552, 0.891, 0.765, -3.553, -0.12440, 0.89024, 0.38102, 0.21638, 0.61601, 0.73223, 0.29046, 0.62456, -0.67870, 0.38638, 0.48006, -0.05661, -0.87541
2.534468, 0.851, 0.731, -3.401, 0.14883, 0.91551, 0.32246, 0.18896, 0.72063, 0.53418, 0.44197, 0.64667, -0.74774, -0.15065, 0.25001, 0.39438, -0.88429
2.536384, 0.768, 0.659, -3.079, -0.28995, 0.87266, 0.37769, -0.10837, 0.69121, 0.59635, -0.40816, 0.72203, -0.54655, 0.42420, 0.02989, -0.58792, -0.80837
2.538300, 0.829, 0.711, -3.333, -0.24297, 0.90650, 0.34507, -0.01235, 0.76154, 0.61962, -0.19008, 0.63162, -0.64378, 0.43198, 0.14530, -0.44903, -0.88162
2.540215, 0.879, 0.754, -3.544, -0.05920, 0.94170, 0.28586, 0.16729, 0.78059, 0.55820, 0.28123, 0.51858, -0.82956, 0.20714, 0.34893, -0.01585, -0.93702
2.542131, 0.800, 0.687, -3.238, 0.17753, 0.91664, 0.21687, 0.28500, 0.74348, 0.29640, 0.59948, 0.49878, -0.84290, -0.20184, 0.44548, 0.44908, -0.77452
2.544047, 0.728, 0.625, -2.954, 0.31231, 0.91870, 0.17719, 0.16452, 0.88308, 0.22281, 0.41296, 0.42833, -0.74214, -0.51553, 0.19161, 0.63213, -0.75080
2.545962, 0.857, 0.735, -3.486, -0.12422, 0.94430, 0.22317, 0.20752, 0.81426, 0.47304, 0.33647, 0.36993, -0.86952, 0.32723, 0.44736, -0.14198, -0.88301
2.547878, 0.684, 0.585, -2.791, -0.48517, 0.83848, 0.24129, 0.05785, 0.87687, 0.46076, -0.13712, 0.34850, -0.41278, 0.84152, 0.33113, -0.78569, -0.52253
2.549794, 0.761, 0.652, -3.114, -0.20425, 0.94014, 0.22145, -0.15929, 0.85117, 0.35133, -0.38997, 0.48147, -0.81848, 0.31350, -0.20904, -0.45460, -0.86582
2.551709, 0.721, 0.616, -2.956, -0.43788, 0.86577, 0.18584, 0.15543, 0.88261, 0.45790, 0.10639, 0.18566, -0.54745, 0.81598, 0.43188, -0.70044, -0.56820
2.553625, 0.700, 0.599, -2.884, -0.45488, 0.85447, 0.15806, 0.19489, 0.87407, 0.44743, 0.18926, 0.09282, -0.53621, 0.83897, 0.47686, -0.71575, -0.51021
2.555541, 0.846, 0.725, -3.494, -0.03722, 0.97926, 0.10562, 0.16882, 0.92068, 0.21943, 0.32278, 0.19430, -0.97492, 0.10856, 0.33851, -0.03723, -0.94023
2.557456, 0.749, 0.641, -3.102, -0.40516, 0.89145, 0.11988, 0.16365, 0.91770, 0.34635, 0.19462, 0.08114, -0.64294, 0.76161, 0.38891, -0.68313, -0.61812
2.559372, 0.779, 0.665, -3.231, -0.17604, 0.97028, 0.10040, -0.13222, 0.94488, 0.14829, -0.29192, 0.24139, -0.91786, 0.31506, -0.22122, -0.36816, -0.90306
2.561288, 0.671, 0.575, -2.798, -0.19277, 0.83884, 0.01588, 0.50885, 0.48164, 0.22282, 0.84757, -0.16954, -0.92518, 0.33956, 0.85982, -0.30724, -0.40782
2.563204, 0.556, 0.475, -2.325, -0.38756, 0.79086, 0.01234, 0.47349, 0.55131, 0.38653, 0.73936, -0.34749, -0.69929, 0.62470, 0.75849, -0.60132, -0.25121
2.565119, 0.832, 0.712, -3.489, -0.10954, 0.98534, 0.00479, 0.13071, 0.96579, 0.03807, 0.25653, -0.01920, -0.97595, 0.21713, 0.25863, -0.21462, -0.94183
2.567035, 0.813, 0.694, -3.419, -0.20521, 0.96897, -0.00535, 0.13767, 0.96203, 0.04614, 0.26900, -0.06687, -0.91572, 0.39622, 0.26461, -0.39916, -0.87787
2.568951, 0.751, 0.641, -3.166, -0.32485, 0.94374, 0.00077, -0.06178, 0.99237, -0.03868, -0.11711, 0.04159, -0.78894, 0.61306, -0.11611, -0.61325, -0.78131
2.570866, 0.714, 0.610, -3.019, -0.07326, 0.96588, -0.03032, -0.24657, 0.87657, -0.09470, -0.47186, -0.02245, -0.98743, 0.15648, -0.48075, -0.12657, -0.86768
2.572782, 0.638, 0.546, -2.710, 0.33595, 0.93298, -0.12500, 0.03268, 0.96661, -0.25521, -0.02301, -0.21129, -0.74303, -0.63503, 0.14496, 0.61869, -0.77214
2.574698, 0.760, 0.649, -3.238, 0.11463, 0.98604, -0.12025, -0.01109, 0.97083, -0.23460, -0.04944, -0.23969, -0.94480, -0.22339, 0.00569, 0.22872, -0.97348
2.576613, 0.806, 0.688, -3.446, -0.06075, 0.97072, -0.14032, 0.18526, 0.89198, -0.24991, 0.37672, -0.29493, -0.95324, 0.06595, 0.34263, -0.16993, -0.92398
2.578529, 0.735, 0.627, -3.153, -0.38970, 0.89616, -0.11822, 0.17624, 0.90993, -0.07453, 0.40802, -0.34925, -0.66832, 0.65679, 0.22374, -0.74013, -0.63415
2.580445, 0.763, 0.650, -3.282, -0.19507, 0.96393, -0.13454, -0.12115, 0.93444, -0.30664, -0.18108, -0.21210, -0.88769, 0.40868, -0.28606, -0.34348, -0.89454
2.582361, 0.773, 0.660, -3.337, 0.05543, 0.97788, -0.20157, -0.00622, 0.91866, -0.39354, -0.03452, -0.39492, -0.91259, -0.10590, 0.01018, 0.11092, -0.99378
2.584276, 0.712, 0.607, -3.087, -0.18880, 0.87463, -0.22296, 0.38686, 0.60126, -0.24393, 0.76091, -0.53609, -0.82929, 0.15776, 0.59253, -0.50277, -0.62938
2.586192, 0.790, 0.673, -3.434, -0.20931, 0.94410, -0.22650, 0.11647, 0.87026, -0.37892, 0.31474, -0.47644, -0.80977, 0.34247, 0.12510, -0.44799, -0.88524
2.588108, 0.793, 0.675, -3.458, -0.19057, 0.94480, -0.25092, 0.08986, 0.85793, -0.43989, 0.26542, -0.50838, -0.80145, 0.31500, 0.07416, -0.40519, -0.91122
2.590023, 0.725, 0.618, -3.176, -0.10411, 0.88171, -0.29615, 0.35219, 0.57652, -0.44891, 0.68272, -0.59557, -0.80291, -0.02502, 0.55939, -0.39219, -0.73025
2.591939, 0.748, 0.636, -3.285, -0.33652, 0.89013, -0.27882, 0.12915, 0.81116, -0.40945, 0.41758, -0.58330, -0.61802, 0.52708, 0.04226, -0.67112, -0.74015
2.593855, 0.765, 0.651, -3.372, -0.05688, 0.91011, -0.34453, 0.22310, 0.66306, -0.60173, 0.44528, -0.65249, -0.75613, -0.05020, 0.36690, -0.25725, -0.89398
2.595770, 0.664, 0.563, -2.935, -0.39750, 0.86011, -0.27627, -0.16084, 0.79561, -0.60312, -0.05704, -0.34739, -0.53133, 0.77267, -0.49632, -0.59492, -0.63225
2.597686, 0.706, 0.599, -3.134, -0.36891, 0.87125, -0.31032, -0.09239, 0.79034, -0.60889, 0.06797, -0.47256, -0.53522, 0.70017, -0.38994, -0.58549, -0.71074
2.599602, 0.771, 0.655, -3.432, 0.00748, 0.91758, -0.39477, 0.04637, 0.68401, -0.72516, 0.07919, -0.72377, -0.68820, -0.05035, 0.09101, -0.02288, -0.99559
2.601517, 0.756, 0.641, -3.376, -0.01204, 0.91086, -0.40559, -0.07538, 0.65963, -0.74069, -0.12755, -0.73706, -0.67070, 0.08308, -0.14708, 0.03921, -0.98835
2.603433, 0.677, 0.575, -3.041, 0.09672, 0.82983, -0.44907, 0.31679, 0.39596, -0.80659, 0.43890, -0.68403, -0.57796, -0.44505, 0.61263, -0.12400, -0.78058
2.605349, 0.724, 0.614, -3.262, -0.37289, 0.82476, -0.41151, 0.10670, 0.63855, -0.59922, 0.48289, -0.75837, -0.38322, 0.52727, -0.13090, -0.70290, -0.69914
2.607265, 0.681, 0.577, -3.078, 0.14354, 0.82547, -0.49028, 0.24004, 0.40401, -0.87833, 0.25555, -0.74051, -0.47805, -0.47235, 0.53705, 0.00160, -0.84355
2.609180, 0.762, 0.645, -3.456, -0.14855, 0.84020, -0.50041, 0.14693, 0.45600, -0.79724, 0.39558, -0.88454, -0.45505, 0.10256, 0.09824, -0.39667, -0.91269
2.611096, 0.669, 0.567, -3.047, 0.18607, 0.81536, -0.52315, 0.16397, 0.39887, -0.91412, 0.07270, -0.79208, -0.38339, -0.47499, 0.46207, 0.13187, -0.87699
2.613012, 0.744, 0.629, -3.399, -0.26529, 0.82324, -0.49686, -0.07090, 0.49620, -0.85569, 0.14688, -0.78045, -0.36550, 0.50726, -0.38037, -0.36634, -0.84919
2.614927, 0.759, 0.641, -3.481, -0.16474, 0.80892, -0.55136, 0.12043, 0.36300, -0.85233, 0.37651, -0.93170, -0.33772, 0.13372, 0.01318, -0.39933, -0.91671
2.616843, 0.701, 0.592, -3.227, -0.02822, 0.76054, -0.58215, 0.28615, 0.15844, -0.86935, 0.46812, -0.90165, -0.32061, -0.29024, 0.40240, -0.37609, -0.83464
2.618759, 0.634, 0.536, -2.932, 0.10654, 0.71726, -0.59812, 0.34124, 0.05163, -0.93072, 0.36207, -0.78530, -0.26182, -0.56103, 0.61696, -0.25537, -0.74441
2.620674, 0.736, 0.620, -3.419, -0.28968, 0.75148, -0.58738, 0.07963, 0.29728, -0.83668, 0.45999, -0.92895, -0.14213, 0.34184, -0.22064, -0.52893, -0.81949
2.622590, 0.648, 0.546, -3.022, -0.26624, 0.67694, -0.59734, 0.33771, 0.05826, -0.62890, 0.77530, -0.98856, -0.14459, -0.04300, 0.13914, -0.76392, -0.63013
2.624506, 0.644, 0.543, -3.013, 0.17871, 0.70310, -0.64951, 0.22771, 0.05257, -0.99473, 0.08806, -0.83195, -0.09240, -0.54711, 0.55236, -0.04450, -0.83242
2.626421, 0.706, 0.594, -3.317, -0.00327, 0.70432, -0.67648, 0.21518, -0.00785, -0.95150, 0.30754, -0.95432, -0.08473, -0.28653, 0.29869, -0.29574, -0.90737
2.628337, 0.689, 0.580, -3.255, -0.34309, 0.65770, -0.64555, 0.18161, 0.10056, -0.72455, 0.68185, -0.97378, 0.06889, 0.21683, -0.20407, -0.68577, -0.69862
2.630253, 0.706, 0.593, -3.346, -0.34168, 0.66928, -0.65426, 0.08518, 0.12937, -0.81756, 0.56113, -0.93398, 0.08962, 0.34590, -0.33308, -0.56883, -0.75199
2.632169, 0.544, 0.458, -2.590, 0.32129, -0.55939, 0.64257, -0.41347, -0.16771, -0.45320, 0.87549, -0.98458, 0.03225, -0.17191, 0.04968, -0.89083, -0.45162
2.634084, 0.612, 0.514, -2.924, 0.26481, -0.57363, 0.68847, -0.35614, -0.20165, -0.60123, 0.77321, -0.97847, 0.08823, -0.18658, 0.04396, -0.79419, -0.60607
2.636000, 0.611, 0.512, -2.928, 0.21553, -0.56413, 0.70795, -0.36621, -0.27060, -0.64089, 0.71836, -0.95661, 0.09528, -0.27534, 0.10801, -0.76170, -0.63887
2.637916, 0.553, 0.463, -2.660, 0.08334, -0.53859, 0.72560, -0.42010, -0.40596, -0.71157, 0.57346, -0.85162, 0.06688, -0.51988, 0.33158, -0.69942, -0.63314
2.639831, 0.445, 0.373, -2.149, -0.06900, -0.49743, 0.72317, -0.47417, -0.49561, -0.78488, 0.37193, -0.65401, 0.05546, -0.75445, 0.57152, -0.61716, -0.54081
2.641747, 0.645, 0.539, -3.129, -0.00147, -0.55504, 0.78107, -0.28610, -0.38385, -0.86789, 0.31531, -0.86622, 0.22014, -0.44856, 0.31989, -0.44531, -0.83628
2.643663, 0.608, 0.507, -2.957, -0.08406, -0.52584, 0.78999, -0.30388, -0.43285, -0.88191, 0.18677, -0.77973, 0.26230, -0.56853, 0.45240, -0.39172, -0.80118
2.645578, 0.668, 0.556, -3.261, -0.09228, -0.54375, 0.81297, -0.18680, -0.39164, -0.91859, 0.05310, -0.84963, 0.33888, -0.40408, 0.35319, -0.20337, -0.91318
2.647494, 0.543, 0.452, -2.658, -0.12222, -0.47803, 0.79311, -0.35711, -0.51309, -0.84556, 0.14755, -0.67097, 0.28792, -0.68330, 0.53529, -0.44960, -0.71507
2.649410, 0.620, 0.515, -3.042, -0.21101, -0.50120, 0.82102, -0.17377, -0.40855, -0.89633, -0.17229, -0.74966, 0.43720, -0.49686, 0.52067, -0.07383, -0.85056
2.651325, 0.706, 0.586, -3.480, 0.05904, -0.49983, 0.85150, -0.14708, -0.49338, -0.83384, 0.24757, -0.86857, 0.45709, -0.19145, 0.04648, -0.30949, -0.94977
2.653241, 0.446, 0.369, -2.206, 0.32220, -0.45344, 0.67977, 0.47801, -0.38116, -0.92450, 0.00455, -0.30843, 0.13180, 0.94207, -0.87154, 0.35768, -0.33538
2.655157, 0.460, 0.382, -2.281, -0.11299, -0.39073, 0.81232, -0.41798, -0.66912, -0.72925, 0.14306, -0.54034, 0.34525, -0.76736, 0.51020, -0.59076, -0.62506
2.657073, 0.626, 0.518, -3.112, -0.05957, -0.42476, 0.86482, -0.26100, -0.63206, -0.76578, 0.11869, -0.70359, 0.50291, -0.50204, 0.32476, -0.40082, -0.85666
2.658988, 0.601, 0.497, -2.998, -0.20902, -0.42053, 0.86237, -0.18918, -0.55893, -0.80439, -0.20139, -0.64621, 0.57473, -0.50209, 0.51962, -0.15049, -0.84104
2.660904, 0.608, 0.502, -3.041, -0.23917, -0.41406, 0.86880, -0.12861, -0.54270, -0.78099, -0.30908, -0.65796, 0.62402, -0.42153, 0.52209, -0.02540, -0.85251
2.662820, 0.393, 0.326, -1.975, 0.13060, -0.29531, 0.79147, -0.51894, -0.79147, -0.33192, 0.51324, -0.60302, 0.28698, -0.74432, 0.09977, -0.89860, -0.42729
2.664735, 0.722, 0.595, -3.635, 0.08027, -0.40173, 0.91153, -0.03565, -0.66433, -0.72666, 0.17499, -0.73811, 0.67468, -0.00050, -0.11770, -0.12949, -0.98457
2.666651, 0.533, 0.440, -2.694, -0.11399, -0.32316, 0.87633, -0.33856, -0.76515, -0.64357, 0.01903, -0.48920, 0.56188, -0.66706, 0.41861, -0.51971, -0.74476
2.668567, 0.654, 0.538, -3.313, -0.17542, -0.36673, 0.91323, -0.02721, -0.66948, -0.67937, -0.30043, -0.66028, 0.72954, -0.17836, 0.34035, 0.07896, -0.93698
2.670482, 0.661, 0.544, -3.360, -0.09427, -0.33651, 0.92583, -0.14391, -0.75574, -0.65024, -0.07771, -0.59597, 0.73210, -0.32992, 0.27142, -0.20303, -0.94080
2.672398, 0.456, 0.376, -2.330, 0.05517, -0.24019, 0.84999, -0.46560, -0.87853, -0.35694, 0.31746, -0.45970, 0.45105, -0.76501, 0.12987, -0.81802, -0.56034
2.674314, 0.573, 0.472, -2.936, 0.11943, -0.24941, 0.88900, -0.36499, -0.84706, -0.35627, 0.39442, -0.53064, 0.60915, -0.58937, -0.03029, -0.70852, -0.70504
2.676229, 0.619, 0.508, -3.179, -0.14048, -0.28079, 0.93173, -0.18248, -0.80284, -0.57452, -0.15931, -0.47197, 0.77571, -0.41894, 0.36427, -0.26115, -0.89393
2.678145, 0.544, 0.447, -2.802, -0.12207, -0.23320, 0.91344, -0.31040, -0.86144, -0.50180, -0.07823, -0.35024, 0.69854, -0.62400, 0.36777, -0.51014, -0.77750
2.680061, 0.513, 0.421, -2.654, -0.00985, -0.19615, 0.89640, -0.39736, -0.92285, -0.35949, 0.13823, -0.34384, 0.60726, -0.71625, 0.17354, -0.70852, -0.68402
2.681977, 0.482, 0.395, -2.501, -0.14168, -0.19036, 0.90113, -0.36284, -0.88738, -0.44589, -0.11720, -0.24026, 0.66422, -0.70788, 0.39348, -0.60000, -0.69655
2.683892, 0.655, 0.536, -3.407, 0.00121, -0.20267, 0.96251, -0.18025, -0.91784, -0.38972, 0.07539, -0.39059, 0.85287, -0.34649, 0.07073, -0.34747, -0.93502
2.685808, 0.436, 0.358, -2.280, 0.05476, -0.11920, 0.86494, -0.48443, -0.96559, -0.15314, 0.21022, -0.25926, 0.50223, -0.82495, 0.02075, -0.85106, -0.52465
2.687724, 0.550, 0.449, -2.881, -0.03420, -0.13814, 0.92706, -0.34685, -0.95949, -0.27986, 0.03242, -0.23241, 0.72123, -0.65254, 0.15924, -0.63365, -0.75706
2.689639, 0.438, 0.357, -2.301, -0.27613, -0.13558, 0.90079, -0.30651, -0.81074, -0.41353, -0.41436, -0.07499, 0.77534, -0.62707, 0.58059, -0.47732, -0.65961
2.691555, 0.595, 0.484, -3.136, -0.21044, -0.14747, 0.95634, -0.13919, -0.86794, -0.34065, -0.36145, -0.22348, 0.91776, -0.32830, 0.44356, -0.20416, -0.87268
2.693471, 0.430, 0.350, -2.276, -0.30337, -0.10577, 0.90242, -0.28709, -0.79356, -0.36509, -0.48679, -0.01672, 0.81279, -0.58232, 0.60826, -0.45397, -0.65110
2.695386, 0.435, 0.354, -2.309, -0.20271, -0.06890, 0.90632, -0.36435, -0.90833, -0.27260, -0.31722, 0.02282, 0.72501, -0.68836, 0.41764, -0.63249, -0.65233
2.697302, 0.484, 0.393, -2.579, -0.24977, -0.07847, 0.92547, -0.27381, -0.86292, -0.28202, -0.41933, -0.00847, 0.83774, -0.54600, 0.50527, -0.46760, -0.72529
2.699218, 0.664, 0.539, -3.557, 0.00601, -0.06917, 0.99367, -0.08828, -0.99036, -0.13640, 0.02416, -0.13852, 0.97485, -0.17460, 0.00026, -0.17627, -0.98434
2.701133, 0.657, 0.533, -3.532, -0.03189, -0.05195, 0.99354, -0.09575, -0.99257, -0.10934, -0.05343, -0.09713, 0.97627, -0.19358, 0.07333, -0.18695, -0.97963
2.703049, 0.430, 0.349, -2.318, -0.40954, -0.05728, 0.89857, -0.14687, -0.65799, -0.22324, -0.71918, 0.01735, 0.95030, -0.31086, 0.75283, -0.21702, -0.62141
2.704965, 0.528, 0.429, -2.864, 0.22087, 0.02902, 0.91877, -0.32593, -0.90075, 0.19729, 0.38695, -0.09066, 0.78586, -0.61173, -0.42478, -0.58609, -0.68997
2.706881, 0.532, 0.431, -2.891, -0.31424, -0.02465, 0.94355, -0.10175, -0.80130, -0.11047, -0.58798, 0.01742, 0.97808, -0.20750, 0.59801, -0.17651, -0.78181
2.708796, 0.509, 0.410, -2.774, -0.32732, -0.03219, 0.92238, 0.20258, -0.78366, 0.07323, -0.61686, -0.19201, 0.91585, 0.35265, 0.59078, 0.39480, -0.70365
2.710712, 0.631, 0.509, -3.457, -0.13752, 0.00889, 0.98297, 0.12153, -0.96202, 0.05091, -0.26820, -0.01594, 0.97030, 0.24137, 0.27252, 0.23648, -0.93264
2.712628, 0.414, 0.334, -2.273, -0.32339, 0.04506, 0.90631, -0.26830, -0.78677, -0.09185, -0.61037, 0.25521, 0.85197, -0.45718, 0.56201, -0.51547, -0.64687
2.714543, 0.511, 0.413, -2.822, -0.27163, 0.06536, 0.94151, -0.18845, -0.84389, 0.02069, -0.53611, 0.22544, 0.92043, -0.31934, 0.48684, -0.39035, -0.78141
2.716459, 0.358, 0.289, -1.984, -0.29793, 0.08975, 0.88448, -0.34768, -0.80637, -0.04841, -0.58943, 0.36592, 0.74213, -0.56155, 0.46462, -0.66850, -0.58071
2.718375, 0.502, 0.405, -2.795, -0.08071, 0.13545, 0.92157, -0.35476, -0.95028, 0.19239, -0.24487, 0.30692, 0.71160, -0.63201, 0.05266, -0.67574, -0.73526
2.720290, 0.414, 0.332, -2.308, -0.41824, 0.08447, 0.89720, -0.11391, -0.63587, 0.05629, -0.76974, 0.24685, 0.95978, -0.13373, 0.73125, -0.27505, -0.62419
2.722206, 0.365, 0.294, -2.052, 0.39252, 0.18470, 0.83327, -0.34275, -0.62363, 0.57688, 0.52754, 0.03874, 0.69682, -0.71620, -0.78076, -0.42621, -0.45691
2.724122, 0.639, 0.514, -3.602, -0.02246, 0.17161, 0.98490, -0.00403, -0.94009, 0.33786, -0.04563, 0.33822, 0.94107, -0.00023, 0.04286, -0.01565, -0.99896
2.726038, 0.544, 0.437, -3.084, -0.06742, 0.19432, 0.93528, -0.28800, -0.91539, 0.32465, -0.23804, 0.40232, 0.75860, -0.51251, 0.01419, -0.56492, -0.82502
2.727953, 0.467, 0.375, -2.653, -0.33412, 0.17582, 0.91366, -0.15062, -0.71491, 0.22063, -0.66350, 0.42192, 0.89280, -0.15774, 0.55757, -0.39272, -0.73136
2.729869, 0.423, 0.340, -2.420, 0.36255, 0.24761, 0.84724, -0.29905, -0.61449, 0.63642, 0.46623, 0.20273, 0.69851, -0.68628, -0.76243, -0.32719, -0.55825
2.731785, 0.451, 0.361, -2.583, -0.33328, 0.20611, 0.90351, -0.17355, -0.69288, 0.25676, -0.67378, 0.48812, 0.85480, -0.17622, 0.53071, -0.45099, -0.71761
2.733700, 0.444, 0.357, -2.564, 0.44535, 0.27856, 0.82692, -0.20069, -0.44814, 0.63944, 0.62473, 0.28193, 0.76426, -0.58001, -0.84834, -0.08379, -0.52278
2.735616, 0.523, 0.419, -3.025, -0.12434, 0.27430, 0.91795, -0.25818, -0.81860, 0.43938, -0.36992, 0.56780, 0.71620, -0.40579, 0.08664, -0.54221, -0.83576
2.737532, 0.357, 0.287, -2.083, 0.43943, 0.31229, 0.78948, -0.29344, -0.41876, 0.75098, 0.51056, 0.23520, 0.63274, -0.73778, -0.87711, -0.18887, -0.44159
2.739447, 0.546, 0.438, -3.185, -0.01080, 0.32660, 0.91419, -0.23973, -0.78644, 0.59197, -0.17634, 0.60232, 0.67173, -0.43126, -0.13684, -0.44537, -0.88483
2.741363, 0.474, 0.380, -2.780, -0.22449, 0.31110, 0.88696, -0.25714, -0.70564, 0.43642, -0.55821, 0.66732, 0.67419, -0.31647, 0.23823, -0.59582, -0.76697
2.743279, 0.472, 0.377, -2.776, -0.34849, 0.30155, 0.88595, -0.05210, -0.57525, 0.49800, -0.64891, 0.57062, 0.81271, 0.11786, 0.58607, -0.30248, -0.75168
2.745194, 0.389, 0.311, -2.301, -0.34890, 0.31412, 0.85092, -0.23566, -0.55918, 0.37014, -0.74183, 0.69903, 0.69158, -0.18185, 0.44572, -0.62025, -0.64546
2.749026, 0.581, 0.464, -3.472, -0.10326, 0.39560, 0.91248, 0.01474, -0.66567, 0.72500, -0.17678, 0.71892, 0.68656, 0.10859, 0.20010, -0.05480, -0.97824
2.750942, 0.472, 0.377, -2.834, -0.24861, 0.38875, 0.86176, -0.21079, -0.57414, 0.56521, -0.59237, 0.77482, 0.60889, -0.17002, 0.26459, -0.55659, -0.78752
2.752857, 0.381, 0.303, -2.292, -0.33759, 0.37703, 0.82096, -0.26439, -0.48776, 0.44055, -0.75366, 0.79757, 0.57590, -0.17954, 0.35494, -0.68867, -0.63226
2.754773, 0.445, 0.355, -2.693, -0.34971, 0.39876, 0.84325, -0.08728, -0.43739, 0.61147, -0.65939, 0.73356, 0.66674, 0.13170, 0.52017, -0.42609, -0.74018
2.756689, 0.537, 0.430, -3.276, -0.05064, 0.47037, 0.86430, -0.17079, -0.55237, 0.79579, -0.24821, 0.83038, 0.49916, -0.24759, -0.07313, -0.34287, -0.93653
2.758604, 0.457, 0.364, -2.795, -0.23976, 0.44991, 0.82722, -0.23622, -0.48018, 0.63108, -0.60923, 0.85763, 0.48356, -0.17506, 0.18412, -0.60655, -0.77343
2.760520, 0.424, 0.338, -2.606, -0.25596, 0.45745, 0.80134, -0.28824, -0.45046, 0.58558, -0.67393, 0.88069, 0.41532, -0.22778, 0.14651, -0.69613, -0.70281
2.762436, 0.416, 0.331, -2.570, -0.41468, 0.43503, 0.79289, 0.10055, -0.27757, 0.77326, -0.57011, 0.60646, 0.60128, 0.52026, 0.74509, -0.20134, -0.63585
2.764351, 0.497, 0.396, -3.087, -0.20074, 0.50937, 0.82395, -0.14614, -0.40050, 0.78071, -0.47968, 0.89806, 0.43837, -0.03633, 0.18192, -0.44533, -0.87669
2.766267, 0.483, 0.385, -3.016, -0.27049, 0.51596, 0.80934, -0.07480, -0.32125, 0.79470, -0.51502, 0.87563, 0.45638, 0.15804, 0.36064, -0.40020, -0.84248
2.768183, 0.468, 0.374, -2.938, -0.14558, 0.54266, 0.78782, -0.25230, -0.36865, 0.78158, -0.50321, 0.92851, 0.28372, -0.23954, -0.04445, -0.55554, -0.83030
2.770098, 0.518, 0.413, -3.271, -0.20452, 0.56020, 0.80189, 0.03626, -0.28869, 0.91328, -0.28738, 0.88361, 0.36972, 0.28730, 0.36863, -0.17099, -0.91371
2.772014, 0.491, 0.392, -3.114, -0.24106, 0.56437, 0.78731, -0.05938, -0.24676, 0.86004, -0.44660, 0.91729, 0.35592, 0.17859, 0.31255, -0.36559, -0.87673
2.773930, 0.493, 0.394, -3.143, -0.11194, 0.59871, 0.77380, -0.17391, -0.25803, 0.88763, -0.38149, 0.96550, 0.22260, -0.13510, -0.03500, -0.40319, -0.91445
2.775846, 0.471, 0.375, -3.018, -0.29876, 0.56529, 0.74127, 0.20423, -0.18238, 0.96010, -0.21203, 0.71604, 0.27748, 0.64054, 0.67381, -0.03500, -0.73807
2.777761, 0.457, 0.364, -2.940, -0.30878, 0.56788, 0.72176, 0.24744, -0.16433, 0.97256, -0.16470, 0.66695, 0.23257, 0.70788, 0.72676, 0.00648, -0.68687
2.779677, 0.522, 0.416, -3.378, 0.01800, 0.63804, 0.72820, 0.24960, -0.18516, 0.92026, 0.34472, 0.93823, 0.06120, 0.34056, 0.29230, 0.38649, -0.87475
2.781593, 0.499, 0.397, -3.242, -0.22134, 0.63659, 0.72737, 0.12923, -0.09153, 0.98327, -0.15746, 0.86886, 0.15612, 0.46981, 0.48653, -0.09381, -0.86861
2.783508, 0.530, 0.422, -3.457, -0.02273, 0.68364, 0.72618, 0.06909, -0.06423, 0.99604, 0.06145, 0.98976, 0.05571, 0.13143, 0.12748, 0.06926, -0.98942
2.785424, 0.413, 0.328, -2.700, -0.21183, 0.64202, 0.68034, -0.28299, -0.08589, 0.75369, -0.65160, 0.99347, 0.01547, -0.11306, -0.07513, -0.65705, -0.75009
2.787340, 0.476, 0.378, -3.131, -0.07746, 0.69341, 0.69157, -0.18683, -0.02635, 0.93015, -0.36625, 0.98803, -0.03146, -0.15099, -0.15197, -0.36584, -0.91819
2.789255, 0.442, 0.350, -2.913, -0.24587, 0.67702, 0.66538, -0.19611, 0.03762, 0.80452, -0.59273, 0.99739, 0.00636, 0.07193, 0.06164, -0.59389, -0.80218
2.791171, 0.429, 0.340, -2.842, -0.36104, 0.66049, 0.65316, 0.08239, 0.13318, 0.92230, -0.36280, 0.80332, 0.11394, 0.58455, 0.58046, -0.36929, -0.72573
2.793087, 0.516, 0.409, -3.433, -0.00054, 0.74373, 0.64738, 0.16662, 0.10627, 0.96313, 0.24714, 0.96277, -0.16180, 0.21654, 0.24854, 0.21493, -0.94447
2.795002, 0.489, 0.387, -3.270, -0.21026, 0.72694, 0.64790, 0.08706, 0.14530, 0.97857, -0.14588, 0.90536, -0.07204, 0.41850, 0.39902, -0.19288, -0.89643
2.796918, 0.469, 0.371, -3.154, -0.11278, 0.71165, 0.59549, 0.35529, 0.03832, 0.92770, 0.37136, 0.76742, -0.26534, 0.58366, 0.64000, 0.26263, -0.72210
2.798834, 0.504, 0.398, -3.394, -0.11999, 0.76375, 0.62556, 0.10476, 0.19541, 0.98067, 0.00989, 0.93039, -0.18857, 0.31435, 0.31014, -0.05223, -0.94926
2.800750, 0.491, 0.387, -3.321, -0.06609, 0.78720, 0.60602, -0.09314, 0.24812, 0.94182, -0.22674, 0.96644, -0.25673, -0.00884, -0.06653, -0.21694, -0.97391
2.802665, 0.477, 0.376, -3.239, -0.18863, 0.77917, 0.59380, -0.06856, 0.28539, 0.89949, -0.33086, 0.95122, -0.22363, 0.21254, 0.11719, -0.37537, -0.91944
2.804581, 0.418, 0.328, -2.852, -0.36258, 0.73135, 0.55800, 0.14935, 0.33267, 0.92448, -0.18619, 0.70788, -0.11434, 0.69702, 0.62309, -0.36367, -0.69246
2.806497, 0.435, 0.342, -2.978, -0.06368, 0.79291, 0.54842, -0.25784, 0.26551, 0.83685, -0.47874, 0.90253, -0.39036, -0.18182, -0.33904, -0.38380, -0.85892
2.808412, 0.432, 0.339, -2.968, -0.03899, 0.80335, 0.53372, -0.26125, 0.29379, 0.83715, -0.46137, 0.87790, -0.42725, -0.21621, -0.37812, -0.34152, -0.86046
2.810328, 0.416, 0.326, -2.871, -0.36517, 0.76289, 0.53197, -0.04087, 0.43068, 0.78181, -0.45088, 0.84151, -0.16733, 0.51367, 0.32615, -0.60065, -0.72997
2.812244, 0.476, 0.373, -3.302, -0.18667, 0.82110, 0.51929, 0.14587, 0.41812, 0.90724, 0.04569, 0.79832, -0.39098, 0.45805, 0.43343, -0.15505, -0.88775
2.814159, 0.439, 0.343, -3.057, -0.31643, 0.79940, 0.50592, 0.06989, 0.47833, 0.85309, -0.20844, 0.76463, -0.28784, 0.57663, 0.43191, -0.43520, -0.78997
2.816075, 0.471, 0.368, -3.291, -0.20683, 0.83787, 0.49234, 0.11314, 0.48959, 0.87184, -0.01408, 0.77824, -0.42964, 0.45799, 0.39325, -0.23519, -0.88884
2.817991, 0.482, 0.376, -3.385, -0.13942, 0.86257, 0.48384, 0.04944, 0.52692, 0.84847, -0.04963, 0.82090, -0.49293, 0.28836, 0.22020, -0.19268, -0.95624
2.819906, 0.417, 0.325, -2.944, -0.26209, 0.79531, 0.43227, 0.33455, 0.40243, 0.86295, 0.30556, 0.51222, -0.48890, 0.70613, 0.75874, -0.12765, -0.63876
2.821822, 0.466, 0.363, -3.300, -0.16619, 0.87367, 0.45498, -0.04561, 0.58182, 0.77984, -0.23092, 0.81016, -0.53074, 0.24889, 0.07153, -0.33189, -0.94060
2.823738, 0.442, 0.344, -3.144, -0.20401, 0.86369, 0.44063, -0.13516, 0.57516, 0.70598, -0.41327, 0.81628, -0.52845, 0.23330, -0.05369, -0.47152, -0.88022
2.825654, 0.384, 0.297, -2.740, -0.42100, 0.80804, 0.41148, -0.02255, 0.66035, 0.64600, -0.38291, 0.68397, -0.30688, 0.66182, 0.31003, -0.69893, -0.64450
2.827569, 0.473, 0.367, -3.391, -0.12266, 0.90519, 0.40523, 0.03701, 0.66883, 0.74271, -0.03240, 0.72455, -0.64148, 0.25205, 0.16642, -0.19206, -0.96717
2.829485, 0.419, 0.324, -3.016, -0.32882, 0.85708, 0.39218, -0.05906, 0.68541, 0.63342, -0.35915, 0.71110, -0.47614, 0.51733, 0.15668, -0.60998, -0.77678
2.831401, 0.469, 0.364, -3.399, -0.06294, 0.91197, 0.36661, 0.17304, 0.67132, 0.69045, 0.26946, 0.64689, -0.72328, 0.24167, 0.36176, 0.01207, -0.93219
2.833316, 0.458, 0.355, -3.332, -0.17883, 0.91315, 0.36586, 0.01771, 0.73166, 0.67451, -0.09851, 0.66184, -0.66833, 0.33956, 0.16320, -0.31364, -0.93541
2.835232, 0.445, 0.344, -3.250, -0.24224, 0.90456, 0.34547, 0.06118, 0.75381, 0.65464, -0.05669, 0.59536, -0.64394, 0.48051, 0.27806, -0.39596, -0.87515
2.837148, 0.401, 0.309, -2.941, -0.37271, 0.86472, 0.32627, 0.08303, 0.77330, 0.62616, -0.09961, 0.50237, -0.50926, 0.69877, 0.38681, -0.59040, -0.70838
2.839063, 0.372, 0.286, -2.735, -0.39359, 0.85043, 0.31984, -0.13985, 0.75628, 0.43392, -0.48965, 0.65410, -0.48558, 0.57997, 0.01390, -0.75890, -0.65106
2.840979, 0.443, 0.341, -3.282, -0.20638, 0.92036, 0.29456, 0.15356, 0.77930, 0.60559, 0.16108, 0.47882, -0.74128, 0.47036, 0.40425, -0.28942, -0.86765
2.842895, 0.445, 0.342, -3.303, -0.16122, 0.94231, 0.28594, -0.06561, 0.82786, 0.51774, -0.21585, 0.56005, -0.78449, 0.26631, -0.03145, -0.34136, -0.93941
2.844810, 0.406, 0.312, -3.028, -0.19592, 0.91914, 0.27386, -0.20446, 0.76639, 0.42331, -0.48316, 0.58354, -0.77323, 0.24816, -0.26855, -0.47214, -0.83962
2.846726, 0.398, 0.305, -2.981, -0.21135, 0.91701, 0.25808, -0.21867, 0.77116, 0.38089, -0.51014, 0.56575, -0.77746, 0.27475, -0.29196, -0.50049, -0.81503
2.848642, 0.434, 0.332, -3.269, -0.19501, 0.94830, 0.24100, -0.06787, 0.87462, 0.43062, -0.22272, 0.48356, -0.80777, 0.33715, -0.03472, -0.40258, -0.91473
2.850558, 0.449, 0.344, -3.399, 0.00070, 0.96528, 0.20639, 0.16010, 0.86354, 0.39823, 0.30936, 0.39868, -0.91480, 0.06474, 0.30879, 0.06743, -0.94874
2.852473, 0.400, 0.306, -3.044, -0.21298, 0.90303, 0.18472, 0.32411, 0.72166, 0.47167, 0.50669, 0.19555, -0.84104, 0.50440, 0.66405, -0.26492, -0.69918
2.854389, 0.427, 0.326, -3.260, -0.24404, 0.94889, 0.19975, -0.01251, 0.91989, 0.37297, -0.12124, 0.38519, -0.80109, 0.45814, 0.07375, -0.46813, -0.88057
2.856305, 0.419, 0.319, -3.216, -0.27836, 0.94177, 0.17953, 0.05792, 0.92883, 0.37039, 0.00915, 0.30590, -0.78057, 0.54510, 0.20904, -0.50351, -0.83832
2.858220, 0.376, 0.286, -2.903, -0.38883, 0.89556, 0.15509, 0.15079, 0.90642, 0.39505, 0.14947, 0.16053, -0.64952, 0.74321, 0.39069, -0.64966, -0.65215
2.860136, 0.440, 0.335, -3.409, -0.11291, 0.98180, 0.13502, 0.07140, 0.95334, 0.28125, 0.10972, 0.24900, -0.93804, 0.24099, 0.17070, -0.20243, -0.96431
2.862052, 0.432, 0.328, -3.366, -0.16681, 0.97077, 0.12546, 0.11845, 0.94046, 0.28310, 0.18813, 0.20406, -0.91287, 0.35359, 0.27184, -0.29415, -0.91629
2.863967, 0.409, 0.310, -3.201, -0.17484, 0.93929, 0.10056, 0.27758, 0.82567, 0.28598, 0.48629, 0.09184, -0.91863, 0.38429, 0.55662, -0.27263, -0.78476
2.865883, 0.412, 0.312, -3.241, -0.26291, 0.95263, 0.10128, 0.11452, 0.95325, 0.25319, 0.16494, 0.13275, -0.84124, 0.52412, 0.27145, -0.47772, -0.83552
2.867799, 0.407, 0.308, -3.214, -0.22888, 0.96515, 0.09191, -0.08743, 0.96781, 0.13740, -0.21085, 0.21745, -0.87833, 0.42574, -0.12670, -0.45789, -0.87994
2.869714, 0.394, 0.297, -3.120, -0.21216, 0.95907, 0.08245, -0.16843, 0.92966, 0.08668, -0.35806, 0.22962, -0.89638, 0.37917, -0.28810, -0.43472, -0.85324
2.871630, 0.407, 0.306, -3.239, -0.05245, 0.98347, 0.05302, -0.16499, 0.93993, 0.08697, -0.33009, 0.12159, -0.98888, 0.08568, -0.31897, -0.12067, -0.94005
