%YAML:1.0
---
calibration_time: "Sat 07 Mar 2020 07:09:58 PM EST"
nframes: 505
image_width: 720
image_height: 540
board_width: 7
board_height: 9
square_size: 1.9999999552965164e-02
flags: 0
camera_matrix: !!opencv-matrix
   rows: 3
   cols: 3
   dt: d
   data: [ 1.5283289799775675e+03, 0., 3.5971937738154656e+02, 0.,
       1.4032086558666635e+03, 2.6986410577371180e+02, 0., 0., 1. ]
distortion_coefficients: !!opencv-matrix
   rows: 5
   cols: 1
   dt: d
   data: [ -3.2953621371751103e+00, 6.3964974229327742e+00,
       4.0285336239251103e-02, -1.3224616426206197e-04, 0. ]
avg_reprojection_error: 2.9136602791230803e+00
per_view_reprojection_errors: !!opencv-matrix
   rows: 505
   cols: 1
   dt: f
   data: [ 7.14612484e+00, 7.47296143e+00, 5.77979898e+00,
       4.52643251e+00, 2.55362296e+00, 1.68393147e+00, 1.54543900e+00,
       1.65078926e+00, 1.98806822e+00, 2.12103462e+00, 3.30054188e+00,
       2.03110743e+00, 4.49115610e+00, 2.14919257e+00, 2.11707163e+00,
       2.90009475e+00, 2.59220719e+00, 2.46489596e+00, 4.15825176e+00,
       2.48798394e+00, 1.53398216e+00, 1.82224035e+00, 1.64497900e+00,
       1.66616929e+00, 1.63583517e+00, 1.80204356e+00, 1.83526230e+00,
       1.90343523e+00, 1.89712930e+00, 1.95028520e+00, 1.94362545e+00,
       1.97517991e+00, 1.99584484e+00, 2.06900644e+00, 2.21132803e+00,
       2.26665163e+00, 2.19679236e+00, 2.17340112e+00, 1.89145899e+00,
       1.86362708e+00, 1.88804758e+00, 1.33367383e+00, 1.28738344e+00,
       1.29098511e+00, 1.23983645e+00, 1.22698975e+00, 1.18479538e+00,
       1.23046589e+00, 1.17953897e+00, 1.14661336e+00, 1.07067513e+00,
       1.00537753e+00, 1.00579679e+00, 9.72485125e-01, 9.60379660e-01,
       9.58731413e-01, 1.65605056e+00, 1.52158248e+00, 1.70965827e+00,
       2.57439280e+00, 3.38535762e+00, 2.83371949e+00, 3.90621185e+00,
       3.88239765e+00, 4.15322113e+00, 4.32703066e+00, 4.36861277e+00,
       4.14098787e+00, 4.53542852e+00, 4.09343338e+00, 4.13315248e+00,
       4.16518068e+00, 4.66289091e+00, 4.71281910e+00, 4.21014214e+00,
       4.14207554e+00, 4.39546728e+00, 4.29484749e+00, 4.38850737e+00,
       4.36312342e+00, 4.10881567e+00, 4.27720118e+00, 4.24573803e+00,
       4.81053925e+00, 4.97378397e+00, 4.84809208e+00, 4.98036051e+00,
       5.16443253e+00, 5.23236322e+00, 5.73139954e+00, 6.31972980e+00,
       6.05178595e+00, 6.60260534e+00, 6.68590307e+00, 6.33001566e+00,
       6.49937677e+00, 6.91520023e+00, 6.55989170e+00, 6.42779875e+00,
       6.17490101e+00, 6.90166426e+00, 6.45969296e+00, 5.62058926e+00,
       5.82367277e+00, 4.80980778e+00, 4.71104002e+00, 4.52659798e+00,
       4.95263195e+00, 4.41068411e+00, 4.06576014e+00, 3.66917229e+00,
       3.68665600e+00, 3.59761405e+00, 3.17201781e+00, 1.63078725e+00,
       9.73760307e-01, 1.02951324e+00, 4.87070680e-01, 4.84480172e-01,
       4.94965434e-01, 5.79421043e-01, 6.82967305e-01, 7.31512368e-01,
       1.26856530e+00, 1.31640029e+00, 1.32496345e+00, 1.18207455e+00,
       1.11857951e+00, 9.82248664e-01, 9.74037588e-01, 9.47868466e-01,
       8.75527322e-01, 7.65827179e-01, 7.60857582e-01, 7.41016448e-01,
       7.40318775e-01, 7.60139287e-01, 7.54237890e-01, 7.57852674e-01,
       7.17859685e-01, 7.48561442e-01, 7.68435657e-01, 9.50329900e-01,
       1.00676930e+00, 1.02025497e+00, 1.02547038e+00, 1.06225717e+00,
       1.06097865e+00, 1.14607334e+00, 1.21130466e+00, 1.22164249e+00,
       1.23907816e+00, 1.24353325e+00, 1.39410388e+00, 1.49561572e+00,
       2.00179458e+00, 2.06496477e+00, 2.09843135e+00, 2.11497998e+00,
       2.13136411e+00, 2.11312580e+00, 2.06101847e+00, 1.69135797e+00,
       1.62901521e+00, 1.48758841e+00, 1.56268263e+00, 1.56210566e+00,
       1.58448589e+00, 1.59826267e+00, 1.69913363e+00, 1.76162958e+00,
       1.79959357e+00, 1.74535382e+00, 1.76831377e+00, 1.77458966e+00,
       1.81119692e+00, 1.87756884e+00, 1.84308779e+00, 1.81948519e+00,
       1.80483294e+00, 1.82840919e+00, 1.76335740e+00, 1.72833478e+00,
       1.66915977e+00, 1.66007411e+00, 1.63507199e+00, 1.69372571e+00,
       1.69204295e+00, 1.63657558e+00, 1.56900489e+00, 1.49296618e+00,
       1.44034803e+00, 1.42743134e+00, 1.41015291e+00, 1.40974557e+00,
       1.43315649e+00, 1.43006384e+00, 1.46695399e+00, 1.45096779e+00,
       1.42414606e+00, 1.38368487e+00, 1.37509906e+00, 1.38907278e+00,
       1.44499469e+00, 1.54789639e+00, 1.61306036e+00, 1.62015116e+00,
       1.62361073e+00, 1.51927280e+00, 1.56076288e+00, 1.92047071e+00,
       2.29934621e+00, 2.27234483e+00, 1.92649221e+00, 1.49845910e+00,
       1.39469504e+00, 1.37770307e+00, 1.41358447e+00, 1.45771348e+00,
       1.46673310e+00, 1.47676742e+00, 1.52782476e+00, 1.58920705e+00,
       1.58908916e+00, 1.59479237e+00, 1.59959471e+00, 1.58323884e+00,
       1.57526207e+00, 1.58743656e+00, 1.52907038e+00, 1.49831951e+00,
       1.44888926e+00, 1.43152726e+00, 1.40731335e+00, 1.36196351e+00,
       1.36203587e+00, 1.36131895e+00, 1.34343958e+00, 1.39657903e+00,
       1.42813253e+00, 1.52686191e+00, 1.54394579e+00, 1.58100736e+00,
       1.63557017e+00, 1.63746655e+00, 1.65992439e+00, 1.68471611e+00,
       1.65826941e+00, 1.65770423e+00, 1.77871430e+00, 1.81190395e+00,
       1.81347299e+00, 1.80249774e+00, 1.78553724e+00, 1.73140836e+00,
       1.68930519e+00, 1.62194598e+00, 1.58057725e+00, 1.49460828e+00,
       1.31150746e+00, 1.17727697e+00, 9.02769566e-01, 8.35031807e-01,
       8.42904687e-01, 8.54929030e-01, 8.23506951e-01, 7.75409877e-01,
       7.00952470e-01, 5.96228540e-01, 4.74703282e-01, 8.09724510e-01,
       1.30856955e+00, 3.85184956e+00, 4.31900889e-01, 4.02479619e-01,
       4.21972394e-01, 4.50276822e-01, 4.65260237e-01, 4.91254240e-01,
       1.04145443e+00, 1.04296088e+00, 1.02288198e+00, 2.32346582e+00,
       3.72866958e-01, 3.82485271e-01, 3.92179340e-01, 3.86233866e-01,
       3.76204520e-01, 3.30931932e-01, 2.99714833e-01, 2.96707511e-01,
       3.28016579e-01, 4.17128354e-01, 3.92716736e-01, 4.10159856e-01,
       4.80176091e-01, 5.44389665e-01, 5.53275228e-01, 5.65200269e-01,
       5.78857124e-01, 5.73702455e-01, 6.44350290e-01, 6.45786285e-01,
       6.45484328e-01, 6.79691017e-01, 7.09275961e-01, 7.93082535e-01,
       8.88543785e-01, 9.61335123e-01, 9.75749433e-01, 9.64810252e-01,
       9.77646351e-01, 9.44539309e-01, 8.37009966e-01, 4.43989754e-01,
       5.53674161e-01, 5.52357316e-01, 2.80271959e+00, 3.23552847e+00,
       3.05330491e+00, 3.42487574e+00, 2.97309470e+00, 4.22959566e+00,
       4.62172365e+00, 4.24527931e+00, 3.47954416e+00, 2.62793541e-01,
       3.42755735e-01, 3.46781999e-01, 3.54363918e-01, 4.16252106e-01,
       6.37481689e-01, 6.84403777e-01, 7.28238702e-01, 8.91982675e-01,
       1.05703211e+00, 1.11204445e+00, 1.29929471e+00, 1.40442979e+00,
       1.45677412e+00, 1.46528423e+00, 1.54537129e+00, 1.53399515e+00,
       1.56823874e+00, 1.57357275e+00, 1.72745824e+00, 2.16563272e+00,
       1.86222970e+00, 2.17829561e+00, 2.17663765e+00, 2.22561932e+00,
       2.51875043e+00, 3.93704343e+00, 3.81538773e+00, 4.95315742e+00,
       4.82725048e+00, 5.05742168e+00, 5.04042912e+00, 5.83910751e+00,
       5.56237555e+00, 1.60794520e+00, 1.49185467e+00, 1.30242443e+00,
       7.74550080e-01, 3.82006645e-01, 6.08208895e-01, 8.70620549e-01,
       5.96808851e-01, 6.51154995e-01, 9.55612123e-01, 1.13940394e+00,
       1.18463886e+00, 1.22775185e+00, 1.37213075e+00, 1.45920765e+00,
       1.60989809e+00, 1.93908072e+00, 2.25509405e+00, 2.53826284e+00,
       2.57131290e+00, 2.98136711e+00, 3.42888212e+00, 3.46495771e+00,
       3.75454259e+00, 4.45469379e+00, 4.54923105e+00, 5.61632013e+00,
       5.94414377e+00, 5.64338112e+00, 5.33721924e+00, 5.02015734e+00,
       3.43338108e+00, 3.10968137e+00, 2.58594346e+00, 2.33763957e+00,
       2.20486546e+00, 2.12509561e+00, 2.18123364e+00, 2.27497268e+00,
       4.03967905e+00, 2.32995319e+00, 2.33747005e+00, 2.26867628e+00,
       2.24664807e+00, 2.06123948e+00, 2.00510073e+00, 1.92329729e+00,
