%YAML:1.0
---
calibration_time: "Sat 14 Mar 2020 11:37:03 AM EDT"
nframes: 406
image_width: 720
image_height: 540
board_width: 7
board_height: 9
square_size: 1.9600000232458115e-02
flags: 0
camera_matrix: !!opencv-matrix
   rows: 3
   cols: 3
   dt: d
   data: [ 3.8086548861937951e+02, 0., 3.4876838202356242e+02, 0.,
       3.7883301225469046e+02, 2.8330508539291236e+02, 0., 0., 1. ]
distortion_coefficients: !!opencv-matrix
   rows: 5
   cols: 1
   dt: d
   data: [ -2.7278104895357441e-01, 5.2774691730825392e-02,
       8.7759421328101664e-05, 7.4005048712599516e-04, 0. ]
avg_reprojection_error: 1.8182355504738743e+00
per_view_reprojection_errors: !!opencv-matrix
   rows: 406
   cols: 1
   dt: f
   data: [ 5.28960943e+00, 5.88161039e+00, 2.50878721e-01,
       3.48650813e-01, 2.14150652e-01, 2.39695340e-01, 2.78026462e-01,
       2.86741048e-01, 2.51835346e-01, 2.54955143e-01, 2.70556897e-01,
       3.17601651e-01, 3.47800016e-01, 4.35580671e-01, 1.89709461e+00,
       2.32596588e+00, 2.52610540e+00, 2.60184741e+00, 2.88568068e+00,
       2.80865359e+00, 2.85218906e+00, 4.10267973e+00, 4.36260366e+00,
       3.98367667e+00, 4.17263937e+00, 3.91234779e+00, 3.14000249e+00,
       1.64046752e+00, 9.61775124e-01, 7.17104554e-01, 6.71805978e-01,
       6.28286004e-01, 5.72845578e-01, 5.19865334e-01, 5.09400368e-01,
       5.12423396e-01, 5.56206524e-01, 6.00480318e-01, 9.35783505e-01,
       1.53972888e+00, 1.61141729e+00, 1.76413989e+00, 2.14608359e+00,
       2.34968591e+00, 2.15776944e+00, 1.77939796e+00, 1.40592730e+00,
       1.35366130e+00, 1.14108872e+00, 1.10503578e+00, 7.74605334e-01,
       7.15494275e-01, 6.76300168e-01, 6.04892790e-01, 5.50758481e-01,
       4.88469660e-01, 5.06514311e-01, 4.68856186e-01, 5.16793251e-01,
       4.97381836e-01, 5.59264243e-01, 5.02534628e-01, 6.59967005e-01,
       6.86308503e-01, 6.58326745e-01, 7.12421834e-01, 1.03079128e+00,
       1.24050546e+00, 1.29288769e+00, 9.49538231e-01, 7.26485431e-01,
       6.45815611e-01, 4.69458610e-01, 4.39581186e-01, 4.50738728e-01,
       4.04082239e-01, 3.75885934e-01, 3.74400735e-01, 3.51674795e-01,
       3.40833813e-01, 3.95087302e-01, 3.53804678e-01, 4.06640410e-01,
       6.80582941e-01, 1.59730697e+00, 3.53749156e+00, 4.42440939e+00,
       4.33681631e+00, 4.73255301e+00, 4.88173819e+00, 4.58965349e+00,
       5.24614048e+00, 4.61009026e+00, 4.35918045e+00, 3.92604184e+00,
       3.50165248e+00, 2.65144014e+00, 2.75957632e+00, 2.73899221e+00,
       1.60058057e+00, 9.50290024e-01, 1.09671640e+00, 1.09102273e+00,
       1.89049089e+00, 1.13950872e+00, 1.13043213e+00, 1.11292100e+00,
       1.14457786e+00, 1.15123188e+00, 1.77692688e+00, 1.14837313e+00,
       1.15812802e+00, 1.23547673e+00, 1.15745223e+00, 1.21830320e+00,
       1.03451347e+00, 9.87176061e-01, 9.30361807e-01, 9.16127920e-01,
       8.76232922e-01, 8.53123665e-01, 8.46603453e-01, 9.63279545e-01,
       1.19610512e+00, 1.09174287e+00, 1.01579571e+00, 9.75877762e-01,
       9.15872574e-01, 8.30792427e-01, 7.96926498e-01, 7.79488087e-01,
       7.65274644e-01, 7.63241351e-01, 7.39627481e-01, 7.41652071e-01,
       7.21780241e-01, 8.28298748e-01, 8.40873241e-01, 7.83682764e-01,
       8.29841495e-01, 8.00253868e-01, 8.15637946e-01, 8.13649535e-01,
       8.31583917e-01, 8.39656055e-01, 8.54982734e-01, 8.37524652e-01,
       8.50869358e-01, 8.20072889e-01, 8.33078086e-01, 8.61305833e-01,
       8.55331182e-01, 9.59215403e-01, 1.22604895e+00, 1.40032101e+00,
       1.36771750e+00, 9.85536277e-01, 9.45188940e-01, 1.01334536e+00,
       1.16435492e+00, 9.58075047e-01, 8.92347634e-01, 6.94999814e-01,
       5.74531913e-01, 2.34527040e+00, 2.44559956e+00, 2.13806057e+00,
       2.88319135e+00, 1.56473124e+00, 9.17243183e-01, 9.31812644e-01,
       9.63211656e-01, 1.01653028e+00, 1.07200718e+00, 1.09957647e+00,
       1.16034234e+00, 1.33071756e+00, 1.23603642e+00, 1.17406225e+00,
       1.13983595e+00, 1.16502988e+00, 1.18889868e+00, 1.14282250e+00,
       1.03173172e+00, 8.13705504e-01, 6.80594385e-01, 3.37503815e+00,
       2.98653388e+00, 2.94842672e+00, 2.74965787e+00, 2.38496375e+00,
       2.17784476e+00, 1.51424026e+00, 1.55082035e+00, 1.29577684e+00,
       1.29425144e+00, 1.33273137e+00, 1.35318959e+00, 1.32811391e+00,
       1.28372657e+00, 1.23029160e+00, 1.14020574e+00, 1.06581330e+00,
       9.21695709e-01, 7.94804275e-01, 8.37247312e-01, 9.75761175e-01,
       1.16770315e+00, 1.29167688e+00, 7.96175659e-01, 1.53504288e+00,
       1.46054840e+00, 1.04037726e+00, 1.20262754e+00, 1.06431186e+00,
       7.78929532e-01, 9.61726725e-01, 7.98614979e-01, 4.24492359e+00,
       4.36317682e+00, 2.54084969e+00, 4.08927965e+00, 3.94979453e+00,
       3.36421323e+00, 3.31364727e+00, 3.98015332e+00, 1.94933236e+00,
       9.84966576e-01, 1.35818136e+00, 1.13620257e+00, 1.44365692e+00,
       8.91673982e-01, 5.15519977e-01, 4.52279180e-01, 6.32443070e-01,
       6.20647609e-01, 7.11479783e-01, 8.48856330e-01, 9.28531528e-01,
       9.47568536e-01, 9.67549860e-01, 9.65973675e-01, 2.19493103e+00,
       3.12189722e+00, 1.52054155e+00, 9.71808016e-01, 9.35724080e-01,
       7.68931985e-01, 7.47585297e-01, 2.76195836e+00, 2.52876973e+00,
       2.00059628e+00, 8.52520347e-01, 6.26000464e-01, 4.29711550e-01,
       3.06031585e-01, 5.65712595e+00, 5.73080730e+00, 6.37583065e+00,
       7.33801746e+00, 4.01100546e-01, 1.12921357e+00, 1.16959715e+00,
       1.07958078e+00, 1.06800830e+00, 1.11359096e+00, 1.14945424e+00,
       1.31882179e+00, 1.34393239e+00, 1.15406501e+00, 1.03863025e+00,
       8.18002880e-01, 7.57099032e-01, 6.64215207e-01, 6.27106428e-01,
       9.71224308e-01, 1.12570488e+00, 1.23578382e+00, 1.46850193e+00,
       1.47311604e+00, 1.44817185e+00, 1.43288183e+00, 1.59622526e+00,
       1.05877614e+00, 2.21039677e+00, 2.98880291e+00, 2.88905811e+00,
       8.58891428e-01, 1.95547092e+00, 1.44080853e+00, 9.47656274e-01,
       9.67167437e-01, 1.02829766e+00, 1.53788829e+00, 2.12763095e+00,
       1.14929688e+00, 1.22366714e+00, 6.51424825e-01, 8.47331345e-01,
       3.06145406e+00, 9.45319235e-01, 1.09245884e+00, 7.68479407e-01,
       7.87301123e-01, 7.79001057e-01, 7.37594187e-01, 6.95704818e-01,
       4.85168397e-01, 3.84276003e-01, 4.93831098e-01, 4.65717822e-01,
       5.01239955e-01, 6.50437295e-01, 7.04468131e-01, 7.43462384e-01,
       8.20457280e-01, 8.61149311e-01, 8.76266897e-01, 1.09841847e+00,
       1.24270105e+00, 1.14497149e+00, 1.28971422e+00, 1.26792085e+00,
       9.75347698e-01, 9.46799576e-01, 8.22701097e-01, 1.94850159e+00,
       1.68867862e+00, 1.80533516e+00, 2.13743019e+00, 1.72699165e+00,
       1.75738084e+00, 1.55788660e+00, 1.54076469e+00, 1.47195816e+00,
       1.49518597e+00, 1.58790469e+00, 1.70054924e+00, 1.86944592e+00,
       1.81271505e+00, 1.78350604e+00, 1.68741512e+00, 1.61635470e+00,
       1.16333902e+00, 8.03756177e-01, 1.00721824e+00, 1.11464882e+00,
       1.31797135e+00, 1.39963174e+00, 1.43297672e+00, 1.35970306e+00,
       1.28382230e+00, 1.21488154e+00, 7.77239442e-01, 5.49285412e-01,
       5.40453136e-01, 8.42647314e-01, 7.49321640e-01, 4.94140446e-01,
       2.00488496e+00, 2.64836597e+00, 8.83476377e-01, 6.27868891e-01,
       5.42011738e-01, 4.73656178e-01, 4.38359171e-01, 4.70508128e-01,
       5.49411356e-01, 4.54440743e-01, 5.75741947e-01, 8.49493504e-01,
       2.56338310e+00, 2.44697452e+00, 3.09465718e+00, 3.33044124e+00,
       3.38883424e+00, 3.17659569e+00, 3.15141797e+00, 1.05385327e+00,
       1.52479804e+00, 1.38755524e+00, 1.28029525e+00, 2.39316177e+00,
       1.76736498e+00, 1.75650752e+00, 1.68797195e+00, 1.44139552e+00,
       1.44581747e+00, 1.47152901e+00, 1.47385836e+00, 1.40903401e+00,
       1.25824523e+00, 1.48795652e+00, 2.04615283e+00, 1.72092605e+00,
       1.19495785e+00, 7.49821842e-01, 8.26447666e-01, 8.75717342e-01,
       9.07431364e-01, 1.58205056e+00, 1.73794532e+00, 1.16220188e+00,
       7.94497848e-01, 4.17090446e-01, 3.61241603e+00 ]
