%YAML:1.0
---
# rotation from camera frame to ground-plane frame 
R_CG: !!opencv-matrix
   rows: 3
   cols: 3
   dt: d
   data: [ 0.995864632149249, 0.0299075147135663, 0.0857856339832013,
          -8.47361904241506e-05, 0.944566143543897, -0.328321173990331,
          -0.0908494758048719, 0.326956176014874, 0.940662549329839 ]
# translation from camera frame to ground-plane frame 
# defined in the pre-rotated frame!
T_CG: !!opencv-matrix
   rows: 3
   cols: 1
   dt: d
   data: [-0.0158304, 0.128522400000004, -3.17]
