%YAML:1.0
---
R_CG: !!opencv-matrix
   rows: 3
   cols: 3
   dt: d
   data: [ -7.9951584339141846e-01, -6.0061556100845337e-01,
       -5.9307366609573364e-03, 4.6524372696876526e-01,
       -6.2549889087677002e-01, 6.2633800506591797e-01,
       -3.7989807128906250e-01, 4.9800801277160645e-01,
       7.7952903509140015e-01 ]
T_CG: !!opencv-matrix
   rows: 3
   cols: 1
   dt: d
   data: [ -4.0077604353427887e-02, -9.1738343238830566e-02,
       -1.8083907365798950e+00 ]
cam_exposure_us: 1.7903820675332113e+03
cam_gain: 1.7046257659033952e+01
