t_ms, x_m, y_m, z_m, qw, qx, qy, qz
1.390799, -0.632, 0.541, -1.381, 0.25778, 0.65745, 0.70776, 0.01975, -0.00263, 0.92045, 0.39086, 0.94081, 0.13475, -0.31100, -0.33893, 0.36690, -0.86632
1.392715, -0.586, 0.525, -1.353, 0.27475, 0.69737, 0.66191, -0.00777, 0.12364, 0.92746, 0.35289, 0.91892, 0.02722, -0.39349, -0.37455, 0.37293, -0.84890
1.394631, -0.531, 0.500, -1.299, 0.29419, 0.71745, 0.62729, -0.07230, 0.20255, 0.94264, 0.26535, 0.85756, -0.03991, -0.51283, -0.47282, 0.33143, -0.81645
1.396546, -0.521, 0.517, -1.354, 0.27793, 0.77646, 0.56430, -0.03787, 0.36026, 0.89736, 0.25486, 0.85526, -0.20864, -0.47434, -0.37248, 0.38886, -0.84264
1.398462, -0.504, 0.530, -1.398, 0.25645, 0.81402, 0.51687, -0.06664, 0.45680, 0.87567, 0.15661, 0.80732, -0.33415, -0.48640, -0.37359, 0.34862, -0.85959
1.400378, -0.467, 0.523, -1.391, 0.25432, 0.85119, 0.45516, -0.06019, 0.57841, 0.80547, 0.12905, 0.74425, -0.45630, -0.48773, -0.33397, 0.37816, -0.86340
1.402293, -0.432, 0.518, -1.387, 0.25103, 0.88518, 0.38903, -0.04586, 0.69311, 0.71174, 0.11413, 0.66569, -0.57128, -0.48010, -0.27650, 0.40873, -0.86976
1.404209, -0.383, 0.495, -1.335, 0.26023, 0.89587, 0.34397, -0.10672, 0.74060, 0.67184, -0.01219, 0.56076, -0.62794, -0.53967, -0.37022, 0.39284, -0.84179
1.406125, -0.350, 0.490, -1.334, 0.23899, 0.91276, 0.29279, -0.15498, 0.78051, 0.60858, -0.14297, 0.46042, -0.71431, -0.52704, -0.42287, 0.34553, -0.83773
1.408040, -0.334, 0.513, -1.406, 0.19861, 0.94671, 0.21968, -0.12661, 0.87142, 0.46624, -0.15247, 0.36565, -0.82459, -0.43168, -0.32700, 0.32043, -0.88904
1.409956, -0.294, 0.498, -1.378, 0.20904, 0.95882, 0.15485, -0.11393, 0.92608, 0.34458, -0.15373, 0.24932, -0.86465, -0.43615, -0.28321, 0.36558, -0.88665
1.411872, -0.251, 0.477, -1.330, 0.24291, 0.96403, 0.08451, -0.06701, 0.97673, 0.19550, -0.08815, 0.13039, -0.86771, -0.47967, -0.17026, 0.45701, -0.87301
1.413787, -0.222, 0.481, -1.353, 0.22393, 0.97409, 0.01072, -0.02966, 0.99801, 0.03416, -0.05298, 0.00760, -0.89948, -0.43689, -0.06258, 0.43562, -0.89795
1.415703, -0.191, 0.485, -1.378, 0.19556, 0.97645, -0.04442, -0.07957, 0.98339, -0.05562, -0.17276, -0.11786, -0.91957, -0.37484, -0.13801, 0.38897, -0.91085
1.417619, -0.155, 0.476, -1.363, 0.19845, 0.97222, -0.12386, 0.00748, 0.96921, -0.24381, -0.03461, -0.23787, -0.89055, -0.38773, 0.06371, 0.38402, -0.92112
1.419535, -0.126, 0.491, -1.420, 0.14064, 0.96957, -0.19760, 0.03329, 0.91969, -0.39254, 0.00897, -0.37381, -0.88235, -0.28588, 0.12013, 0.25957, -0.95822
1.421450, -0.085, 0.457, -1.334, 0.19164, 0.94266, -0.25927, 0.08628, 0.85067, -0.52187, 0.06330, -0.45573, -0.79211, -0.40604, 0.26204, 0.31656, -0.91166
1.423366, -0.051, 0.454, -1.339, 0.19398, 0.92473, -0.31931, 0.07273, 0.78550, -0.61877, 0.01063, -0.56234, -0.72082, -0.40521, 0.25839, 0.31231, -0.91416
1.425282, -0.018, 0.456, -1.356, 0.16703, 0.89962, -0.38897, 0.10715, 0.67444, -0.73565, 0.06286, -0.66406, -0.64161, -0.38388, 0.32273, 0.21716, -0.92124
1.427197, 0.017, 0.461, -1.387, 0.09305, 0.86162, -0.46529, 0.18015, 0.50210, -0.83533, 0.22386, -0.76828, -0.54969, -0.32799, 0.39704, -0.00730, -0.91777
1.429113, 0.051, 0.447, -1.359, 0.13962, 0.82908, -0.51439, 0.16893, 0.41373, -0.90011, 0.13647, -0.80577, -0.43181, -0.40530, 0.42374, 0.05772, -0.90394
1.431029, 0.087, 0.444, -1.365, 0.13535, 0.78961, -0.57040, 0.18122, 0.28360, -0.94985, 0.13178, -0.85173, -0.31264, -0.42048, 0.44059, 0.00700, -0.89768
1.432944, 0.118, 0.428, -1.329, 0.13784, 0.73774, -0.62230, 0.22244, 0.12653, -0.97952, 0.15665, -0.85687, -0.18749, -0.48024, 0.49977, -0.07347, -0.86304
1.434860, 0.146, 0.406, -1.273, 0.16080, 0.68162, -0.66598, 0.25690, -0.01907, -0.99052, 0.13603, -0.82528, -0.06121, -0.56140, 0.56441, -0.12297, -0.81629
1.436776, 0.186, 0.417, -1.322, -0.17371, -0.64365, 0.71645, -0.20553, -0.11108, -0.99369, 0.01568, -0.85088, 0.08694, -0.51812, 0.51348, -0.07090, -0.85517
1.438691, 0.224, 0.420, -1.350, -0.10826, -0.58081, 0.76745, -0.24892, -0.30188, -0.94538, 0.12299, -0.83759, 0.20139, -0.50783, 0.45532, -0.25631, -0.85263
1.440607, 0.249, 0.400, -1.302, -0.11237, -0.51263, 0.80519, -0.27615, -0.44917, -0.88758, 0.10217, -0.76347, 0.32191, -0.55990, 0.46407, -0.32950, -0.82223
1.442523, 0.301, 0.420, -1.385, -0.09489, -0.46764, 0.84935, -0.22563, -0.54461, -0.83721, 0.04984, -0.75157, 0.46080, -0.47203, 0.37223, -0.29453, -0.88017
1.444439, 0.317, 0.392, -1.308, -0.13073, -0.39806, 0.87206, -0.25290, -0.64891, -0.76040, -0.02666, -0.62815, 0.55517, -0.54517, 0.42935, -0.33702, -0.83790
1.446354, 0.384, 0.423, -1.433, -0.07812, -0.34462, 0.91654, -0.18732, -0.75027, -0.66098, -0.01410, -0.60244, 0.69230, -0.39722, 0.27231, -0.28953, -0.91762
1.448270, 0.404, 0.401, -1.377, -0.10200, -0.27235, 0.93407, -0.20722, -0.83084, -0.55106, -0.07768, -0.46651, 0.76577, -0.44268, 0.30343, -0.33156, -0.89331
1.450186, 0.472, 0.424, -1.479, -0.04464, -0.21697, 0.96634, -0.13085, -0.90186, -0.43102, -0.02950, -0.40766, 0.87160, -0.27226, 0.14306, -0.23351, -0.96177
1.452101, 0.497, 0.408, -1.443, -0.05045, -0.13807, 0.97715, -0.15352, -0.95678, -0.28533, -0.05620, -0.25435, 0.91473, -0.31396, 0.14099, -0.28609, -0.94777
1.454017, 0.513, 0.387, -1.390, -0.05181, -0.05828, 0.97957, -0.18536, -0.98784, -0.13340, -0.07990, -0.09498, 0.92449, -0.36919, 0.12312, -0.35711, -0.92591
1.455933, 0.570, 0.396, -1.445, -0.08473, -0.02089, 0.99460, -0.05623, -0.98477, -0.05108, -0.16620, -0.03202, 0.99280, -0.11540, 0.17090, -0.10832, -0.97932
1.457848, 0.623, 0.401, -1.487, -0.01427, 0.05650, 0.99778, -0.03226, -0.99321, 0.11182, -0.03212, 0.11366, 0.99154, -0.06276, 0.02483, -0.06598, -0.99751
1.459764, 0.672, 0.402, -1.513, 0.02003, 0.12210, 0.99191, 0.02842, -0.96938, 0.24108, 0.04668, 0.24336, 0.96857, 0.05149, -0.03280, 0.06127, -0.99758
1.461680, 0.699, 0.389, -1.489, 0.04359, 0.20400, 0.97799, -0.00310, -0.91297, 0.39929, 0.08400, 0.39875, 0.91675, -0.02385, -0.08653, 0.01172, -0.99618
1.463596, 0.696, 0.362, -1.408, -0.02269, 0.26565, 0.96306, -0.03772, -0.85783, 0.50996, -0.06374, 0.51338, 0.85602, -0.06060, 0.02366, -0.08470, -0.99613
1.465511, 0.750, 0.366, -1.445, 0.10022, 0.34806, 0.93171, -0.02699, -0.73762, 0.65399, 0.16797, 0.64317, 0.75625, -0.12007, -0.20555, 0.01947, -0.97845
1.467427, 0.783, 0.359, -1.439, 0.12200, 0.41354, 0.90224, -0.00825, -0.62820, 0.74824, 0.21333, 0.74421, 0.65783, -0.11579, -0.22697, 0.08602, -0.97010
1.469343, 0.812, 0.350, -1.425, 0.04221, 0.45092, 0.89063, 0.04071, -0.58977, 0.79978, 0.11191, 0.80665, 0.59002, 0.03445, -0.03848, 0.11058, -0.99312
1.471258, 0.828, 0.337, -1.392, 0.05372, 0.51482, 0.85561, 0.00215, -0.46414, 0.88075, 0.09414, 0.88121, 0.46990, -0.05163, -0.08971, 0.05899, -0.99422
1.473174, 0.875, 0.336, -1.410, 0.06263, 0.56599, 0.82113, 0.03837, -0.35146, 0.92470, 0.14629, 0.93432, 0.35636, -0.00787, -0.05941, 0.13391, -0.98921
1.475090, 0.882, 0.321, -1.368, 0.25970, 0.64701, 0.71681, -0.01114, -0.02788, 0.93335, 0.35789, 0.92177, 0.16252, -0.35202, -0.38672, 0.32007, -0.86487
1.477005, 0.959, 0.331, -1.431, 0.25950, 0.68122, 0.67951, 0.08288, 0.06279, 0.88278, 0.46558, 0.96880, 0.05815, -0.24092, -0.23975, 0.46618, -0.85158
1.478921, 0.982, 0.321, -1.412, 0.27141, 0.73086, 0.62435, 0.04864, 0.21564, 0.88622, 0.41001, 0.93903, -0.07304, -0.33600, -0.26782, 0.45747, -0.84794
1.480837, 0.862, 0.268, -1.195, 0.27439, 0.78312, 0.53857, -0.14623, 0.37712, 0.92377, 0.06652, 0.76328, -0.26931, -0.58727, -0.52459, 0.27224, -0.80665
1.482752, 0.952, 0.281, -1.278, 0.24636, 0.81938, 0.50462, -0.11522, 0.46416, 0.88373, 0.05982, 0.77019, -0.36932, -0.52001, -0.43746, 0.28744, -0.85206
1.484668, 0.725, 0.203, -0.942, 0.17895, 0.83288, 0.44919, -0.26930, 0.45142, 0.84462, -0.28782, 0.65185, -0.53242, -0.54002, -0.60935, 0.05616, -0.79091
1.486584, 0.791, 0.211, -0.997, 0.15689, 0.86330, 0.40281, -0.26047, 0.53980, 0.77722, -0.32334, 0.61375, -0.62626, -0.48073, -0.57613, 0.06105, -0.81508
