t_ms, x_m, y_m, z_m, qw, qx, qy, qz, R00, R01, R02, R10, R11, R12, R20, R21, R22
1.013408, -0.800, 0.481, -1.225, 0.16921, 0.63983, 0.74802, 0.04955, -0.12397, 0.94044, 0.31655, 0.97398, 0.17632, -0.14240, -0.18973, 0.29066, -0.93783
1.021070, -0.788, 0.535, -1.369, 0.15990, 0.79206, 0.58724, -0.04701, 0.30587, 0.94530, 0.11333, 0.91523, -0.25915, -0.30852, -0.26228, 0.19809, -0.94444
1.022986, -0.836, 0.585, -1.503, 0.04707, 0.86821, 0.49122, 0.05196, 0.51201, 0.84807, 0.13647, 0.85785, -0.51298, -0.03067, 0.04399, 0.13278, -0.99017
1.024902, -0.769, 0.556, -1.435, 0.15311, 0.85747, 0.48324, -0.08824, 0.51739, 0.85574, -0.00335, 0.80170, -0.48608, -0.34786, -0.29931, 0.17729, -0.93754
1.026817, -0.743, 0.556, -1.442, 0.15153, 0.86914, 0.43869, -0.17084, 0.55673, 0.81433, -0.16403, 0.71078, -0.56919, -0.41329, -0.42992, 0.11350, -0.89570
1.028733, -0.746, 0.578, -1.507, 0.12503, 0.91690, 0.36207, -0.11213, 0.71266, 0.69200, -0.11507, 0.63593, -0.70654, -0.31047, -0.29616, 0.14808, -0.94359
1.030649, -0.637, 0.513, -1.342, 0.21289, 0.89916, 0.32791, -0.19664, 0.70761, 0.67342, -0.21400, 0.50597, -0.69430, -0.51180, -0.49324, 0.25388, -0.83202
1.032565, -0.611, 0.511, -1.345, 0.19033, 0.90050, 0.27488, -0.27807, 0.69424, 0.60091, -0.39616, 0.38921, -0.77643, -0.49566, -0.60544, 0.18991, -0.77290
1.034480, -0.619, 0.538, -1.425, 0.16886, 0.93760, 0.19947, -0.22938, 0.81520, 0.45150, -0.36276, 0.29658, -0.86340, -0.40814, -0.49749, 0.22513, -0.83775
1.036396, -0.644, 0.584, -1.556, 0.06035, 0.96539, 0.11019, -0.22854, 0.87126, 0.24034, -0.42796, 0.18518, -0.96843, -0.16688, -0.45456, 0.06615, -0.88826
1.038312, -0.592, 0.562, -1.504, 0.10429, 0.96973, 0.05564, -0.21365, 0.90251, 0.15248, -0.40277, 0.06336, -0.97206, -0.22604, -0.42598, 0.17848, -0.88695
1.040227, -0.538, 0.535, -1.441, 0.12789, 0.94786, 0.01410, -0.29154, 0.82961, 0.10130, -0.54908, -0.04784, -0.96689, -0.25067, -0.55630, 0.23423, -0.79729
1.042143, -0.526, 0.550, -1.489, 0.11338, 0.96989, -0.06882, -0.20425, 0.90709, -0.08719, -0.41180, -0.17982, -0.96482, -0.19182, -0.38059, 0.24805, -0.89086
1.044059, -0.503, 0.555, -1.511, 0.08503, 0.97013, -0.14253, -0.17693, 0.89676, -0.24646, -0.36753, -0.30664, -0.94491, -0.11455, -0.31905, 0.21542, -0.92293
1.045974, -0.462, 0.540, -1.478, 0.12092, 0.95686, -0.19341, -0.17998, 0.86041, -0.32660, -0.39120, -0.41365, -0.89594, -0.16180, -0.29765, 0.30103, -0.90597
1.047890, -0.430, 0.533, -1.470, 0.11877, 0.95093, -0.26078, -0.11667, 0.83677, -0.46825, -0.28384, -0.52368, -0.83578, -0.16503, -0.15995, 0.28673, -0.94456
1.049806, -0.395, 0.523, -1.450, 0.14609, 0.93092, -0.31331, -0.11782, 0.77591, -0.54890, -0.31091, -0.61776, -0.76099, -0.19818, -0.12782, 0.34583, -0.92955
1.051721, -0.363, 0.516, -1.438, 0.16050, 0.91082, -0.36234, -0.11554, 0.71072, -0.62297, -0.32678, -0.69715, -0.68589, -0.20865, -0.09416, 0.37611, -0.92178
1.053637, -0.340, 0.522, -1.466, 0.13613, 0.88665, -0.41652, -0.14773, 0.60937, -0.69840, -0.37537, -0.77885, -0.61595, -0.11833, -0.14857, 0.36446, -0.91929
1.055553, -0.312, 0.522, -1.474, 0.09378, 0.86450, -0.49236, -0.03769, 0.51232, -0.84423, -0.15751, -0.85836, -0.49758, -0.12503, 0.02718, 0.19925, -0.97957
1.057469, -0.278, 0.511, -1.454, 0.12785, 0.83455, -0.53461, -0.03707, 0.42564, -0.88283, -0.19858, -0.90179, -0.39570, -0.17377, 0.07483, 0.25304, -0.96456
1.059384, -0.248, 0.507, -1.452, 0.12361, 0.79898, -0.58852, 0.00172, 0.30729, -0.94085, -0.14275, -0.94000, -0.27674, -0.19954, 0.14823, 0.19550, -0.96944
1.061300, -0.210, 0.484, -1.395, 0.20773, 0.76352, -0.61134, -0.01206, 0.25224, -0.92853, -0.27240, -0.93855, -0.16623, -0.30248, 0.23558, 0.33196, -0.91340
1.063216, -0.180, 0.478, -1.388, 0.22383, 0.72422, -0.65221, -0.00530, 0.14920, -0.94231, -0.29965, -0.94706, -0.04905, -0.31729, 0.28429, 0.33112, -0.89974
1.065131, -0.163, 0.506, -1.480, -0.13606, -0.68467, 0.71595, -0.01175, -0.02543, -0.98357, -0.17874, -0.97717, 0.06218, -0.20313, 0.21091, 0.16949, -0.96270
1.067047, -0.127, 0.483, -1.421, -0.15924, -0.63103, 0.75326, -0.09509, -0.15288, -0.98095, -0.11988, -0.92038, 0.18551, -0.34422, 0.35990, 0.05771, -0.93120
1.068963, -0.099, 0.482, -1.429, -0.13600, -0.57922, 0.79380, -0.12611, -0.29203, -0.95386, -0.06982, -0.88526, 0.29721, -0.35775, 0.36199, -0.04267, -0.93120
1.070878, -0.068, 0.467, -1.397, -0.19637, -0.53193, 0.81392, -0.12655, -0.35698, -0.91561, -0.18502, -0.81620, 0.40207, -0.41492, 0.45429, 0.00290, -0.89085
1.072794, -0.039, 0.460, -1.386, -0.15642, -0.47028, 0.85041, -0.17657, -0.50873, -0.85510, -0.09997, -0.74463, 0.49532, -0.44743, 0.43211, -0.15318, -0.88871
1.074710, -0.010, 0.447, -1.357, -0.19149, -0.41772, 0.86882, -0.18436, -0.57768, -0.79646, -0.17873, -0.65524, 0.58304, -0.48033, 0.48677, -0.16037, -0.85868
1.076625, 0.018, 0.464, -1.424, -0.15499, -0.35743, 0.90482, -0.17182, -0.69644, -0.70009, -0.15765, -0.59357, 0.68544, -0.42172, 0.40330, -0.20013, -0.89292
1.078541, 0.042, 0.406, -1.256, -0.18610, -0.28967, 0.90255, -0.25859, -0.76292, -0.61913, -0.18611, -0.42664, 0.69845, -0.57459, 0.48573, -0.35896, -0.79700
1.080457, 0.074, 0.446, -1.392, -0.14703, -0.22998, 0.93777, -0.21466, -0.85099, -0.49445, -0.17703, -0.36821, 0.80207, -0.47022, 0.37449, -0.33497, -0.86461
1.082373, 0.101, 0.435, -1.371, -0.13276, -0.15991, 0.94784, -0.24168, -0.91361, -0.36731, -0.17438, -0.23897, 0.83204, -0.50061, 0.32897, -0.41569, -0.84793
1.084288, 0.126, 0.423, -1.349, -0.16453, -0.10484, 0.95104, -0.23971, -0.92388, -0.27829, -0.26269, -0.12054, 0.86310, -0.49044, 0.36321, -0.42144, -0.83094
1.086204, 0.163, 0.445, -1.434, -0.16815, -0.04745, 0.96525, -0.19433, -0.93894, -0.15696, -0.30618, -0.02625, 0.91997, -0.39112, 0.34307, -0.35920, -0.86792
1.088120, 0.180, 0.414, -1.349, -0.19140, 0.01871, 0.95367, -0.23138, -0.92603, -0.05289, -0.37371, 0.12425, 0.89223, -0.43415, 0.35640, -0.44847, -0.81966
1.090035, 0.229, 0.454, -1.498, -0.15343, 0.08395, 0.97149, -0.16008, -0.93883, 0.11398, -0.32499, 0.21223, 0.93465, -0.28528, 0.27123, -0.33680, -0.90166
1.091951, 0.251, 0.438, -1.460, -0.18170, 0.14088, 0.95952, -0.16264, -0.89428, 0.21126, -0.39451, 0.32946, 0.90740, -0.26091, 0.30286, -0.36331, -0.88107
1.093867, 0.277, 0.428, -1.447, -0.18352, 0.20321, 0.94622, -0.17229, -0.85005, 0.32133, -0.41733, 0.44781, 0.85804, -0.25147, 0.27728, -0.40064, -0.87327
1.095782, 0.323, 0.450, -1.538, -0.17252, 0.26506, 0.94409, -0.09307, -0.79995, 0.46837, -0.37510, 0.53260, 0.84216, -0.08428, 0.27642, -0.26720, -0.92314
1.097698, 0.336, 0.425, -1.469, -0.18318, 0.32141, 0.91801, -0.14285, -0.72628, 0.53777, -0.42816, 0.64244, 0.75258, -0.14453, 0.24450, -0.38003, -0.89207
1.099614, 0.373, 0.431, -1.509, -0.18428, 0.37917, 0.90192, -0.09390, -0.64454, 0.64935, -0.40362, 0.71857, 0.69483, -0.02964, 0.26120, -0.30914, -0.91445
1.101529, 0.395, 0.419, -1.487, -0.18686, 0.43456, 0.87501, -0.10298, -0.55248, 0.72199, -0.41652, 0.79897, 0.60111, -0.01781, 0.23751, -0.34262, -0.90895
1.103445, 0.448, 0.440, -1.578, -0.12234, 0.50471, 0.85313, -0.04968, -0.46061, 0.84901, -0.25888, 0.87332, 0.48560, 0.03873, 0.15860, -0.20825, -0.96513
1.105361, 0.468, 0.426, -1.549, -0.13609, 0.55068, 0.82144, -0.05886, -0.35646, 0.88868, -0.28841, 0.92073, 0.38657, 0.05318, 0.15875, -0.24659, -0.95603
1.107277, 0.512, 0.434, -1.598, -0.14321, 0.59589, 0.78964, 0.02969, -0.24882, 0.94958, -0.19077, 0.93257, 0.28807, 0.21757, 0.26155, -0.12378, -0.95722
1.109192, 0.556, 0.442, -1.647, -0.01071, 0.66901, 0.74259, 0.02939, -0.10462, 0.99424, 0.02342, 0.99298, 0.10312, 0.05798, 0.05523, 0.02932, -0.99804
1.111108, 0.585, 0.436, -1.645, -0.04951, 0.70290, 0.70766, 0.05190, -0.00695, 0.99997, 0.00289, 0.98969, 0.00647, 0.14307, 0.14304, 0.00385, -0.98971
1.113024, 0.610, 0.429, -1.637, 0.02884, 0.75517, 0.65422, 0.02976, 0.14221, 0.98638, 0.08269, 0.98981, -0.14232, -0.00462, 0.00721, 0.08251, -0.99656
1.114939, 0.658, 0.437, -1.688, 0.03931, 0.77590, 0.59804, 0.19693, 0.20713, 0.91256, 0.35261, 0.94352, -0.28160, 0.17454, 0.25857, 0.29654, -0.91935
1.116855, 0.687, 0.432, -1.686, 0.05152, 0.81723, 0.55172, 0.15836, 0.34105, 0.88545, 0.31568, 0.91809, -0.38590, 0.09053, 0.20198, 0.25895, -0.94454
1.118771, 0.718, 0.428, -1.690, 0.05398, 0.85078, 0.50408, 0.13845, 0.45348, 0.84277, 0.29000, 0.87266, -0.48599, 0.04773, 0.18117, 0.23143, -0.95583
1.120686, 0.752, 0.426, -1.700, 0.09104, 0.87525, 0.44378, 0.16946, 0.54869, 0.74597, 0.37745, 0.80768, -0.58955, -0.00896, 0.21584, 0.30977, -0.92599
1.122602, 0.769, 0.414, -1.673, 0.11775, 0.90924, 0.38631, 0.10093, 0.68116, 0.67872, 0.27451, 0.72626, -0.67381, -0.13615, 0.09256, 0.29211, -0.95190
1.124518, 0.813, 0.418, -1.707, 0.11378, 0.92883, 0.33214, 0.11836, 0.75135, 0.59007, 0.29545, 0.64394, -0.75347, -0.13275, 0.14428, 0.28999, -0.94609
1.128349, 0.872, 0.408, -1.707, 0.13813, 0.96535, 0.21296, 0.06064, 0.90195, 0.39440, 0.17590, 0.42790, -0.87114, -0.24085, 0.05825, 0.29251, -0.95449
1.130265, 0.839, 0.376, -1.590, 0.15258, 0.97434, 0.15263, -0.06390, 0.94524, 0.31692, -0.07794, 0.27792, -0.90685, -0.31684, -0.17109, 0.27783, -0.94527
1.137928, 0.957, 0.363, -1.607, 0.16898, 0.97565, -0.10275, -0.09484, 0.96089, -0.16845, -0.21979, -0.23255, -0.92178, -0.31023, -0.15034, 0.34921, -0.92490
1.139843, 0.875, 0.319, -1.429, 0.20261, 0.95086, -0.17320, -0.15751, 0.89039, -0.26555, -0.36972, -0.39320, -0.85790, -0.33075, -0.22935, 0.43987, -0.86828
1.166663, 0.824, 0.180, -1.000, -0.29220, -0.42631, 0.85605, -0.00730, -0.46576, -0.73416, -0.49404, -0.72563, 0.63641, -0.26163, 0.50649, 0.23663, -0.82914
1.170494, 1.005, 0.205, -1.186, -0.27472, -0.25464, 0.90728, -0.19114, -0.71937, -0.56709, -0.40115, -0.35704, 0.79724, -0.48675, 0.59584, -0.20693, -0.77598
