t_ms, x_m, y_m, z_m, qw, qx, qy, qz, R00, R01, R02, R10, R11, R12, R20, R21, R22
1.057469, -0.775, 0.167, -0.996, 0.05544, 0.88382, 0.37431, 0.27511, 0.56842, 0.63113, 0.52780, 0.69214, -0.71364, 0.10796, 0.44480, 0.30394, -0.84248
1.065131, -0.907, 0.206, -1.256, 0.20169, 0.94301, 0.23848, 0.11483, 0.85988, 0.40345, 0.31277, 0.49609, -0.80490, -0.32562, 0.12037, 0.43516, -0.89227
1.067047, -0.887, 0.201, -1.254, 0.13856, 0.96625, 0.14187, 0.16441, 0.90569, 0.22860, 0.35704, 0.31972, -0.92135, -0.22112, 0.27841, 0.31442, -0.90754
1.068963, -0.912, 0.207, -1.320, 0.25757, 0.95564, 0.13557, 0.04503, 0.95919, 0.23591, 0.15589, 0.28230, -0.83056, -0.48008, 0.01622, 0.50449, -0.86326
1.072794, -1.011, 0.226, -1.531, 0.13725, 0.98897, -0.05418, 0.01310, 0.99378, -0.11077, 0.01104, -0.10358, -0.95645, -0.27289, 0.04078, 0.27005, -0.96198
1.076625, -0.869, 0.191, -1.380, 0.19614, 0.96176, -0.17292, 0.08156, 0.92689, -0.36461, 0.08906, -0.30062, -0.86326, -0.40548, 0.22472, 0.34906, -0.90976
1.078541, -0.851, 0.185, -1.386, 0.24117, 0.94393, -0.22249, 0.03646, 0.89834, -0.43761, -0.03848, -0.40244, -0.78467, -0.47151, 0.17614, 0.43907, -0.88102
1.080457, -0.832, 0.179, -1.391, 0.31511, 0.90972, -0.26085, -0.07116, 0.85378, -0.42976, -0.29387, -0.51946, -0.66532, -0.53621, 0.03492, 0.61046, -0.79128
1.082373, -0.852, 0.181, -1.461, 0.22616, 0.90189, -0.36360, -0.05691, 0.72911, -0.63012, -0.26712, -0.68160, -0.63329, -0.36656, 0.06181, 0.44933, -0.89122
1.084288, -0.789, 0.166, -1.392, 0.33981, 0.84230, -0.38198, -0.17075, 0.64988, -0.52743, -0.54724, -0.75952, -0.47724, -0.44200, -0.02804, 0.70289, -0.71074
1.086204, -0.807, 0.167, -1.463, 0.23908, 0.83506, -0.47881, -0.12750, 0.50898, -0.73870, -0.44188, -0.86063, -0.42717, -0.27719, 0.01600, 0.52138, -0.85317
1.088120, -0.784, 0.159, -1.463, 0.16109, 0.81340, -0.55392, -0.07489, 0.37513, -0.87699, -0.30029, -0.92524, -0.33444, -0.17910, 0.05664, 0.34503, -0.93688
1.090035, -0.765, 0.152, -1.470, 0.16881, 0.76765, -0.60457, -0.12931, 0.23555, -0.88453, -0.40264, -0.97185, -0.21200, -0.10281, 0.00558, 0.41552, -0.90957
1.091951, -0.702, 0.138, -1.393, 0.26828, 0.74094, -0.61519, -0.02376, 0.24195, -0.89890, -0.36531, -0.92440, -0.09912, -0.36833, 0.29488, 0.42680, -0.85492
1.093867, -0.708, 0.135, -1.448, 0.16127, 0.69972, -0.69285, -0.06587, 0.03123, -0.94836, -0.31566, -0.99085, 0.01211, -0.13441, 0.13129, 0.31697, -0.93930
1.095782, -0.685, 0.128, -1.448, -0.09485, -0.64870, 0.75210, 0.06734, -0.14038, -0.96301, -0.23003, -0.98855, 0.14930, -0.02177, 0.05531, 0.22434, -0.97294
1.097698, -0.654, 0.119, -1.431, -0.11414, -0.61144, 0.78299, 0.00636, -0.22622, -0.95605, -0.18652, -0.95896, 0.25219, -0.12962, 0.17096, 0.14954, -0.97386
1.099614, -0.630, 0.112, -1.428, -0.05917, -0.55886, 0.82715, -0.00018, -0.36835, -0.92454, -0.09768, -0.92450, 0.37535, -0.06645, 0.09810, 0.06583, -0.99300
1.101529, -0.614, 0.106, -1.443, -0.10324, -0.51052, 0.85356, -0.01196, -0.45743, -0.87399, -0.16403, -0.86905, 0.47846, -0.12582, 0.18845, 0.08500, -0.97840
1.103445, -0.589, 0.098, -1.438, -0.05745, -0.45052, 0.89065, -0.02165, -0.58747, -0.80500, -0.08283, -0.80002, 0.59313, -0.09033, 0.12185, 0.01320, -0.99246
1.105361, -0.570, 0.091, -1.450, -0.02875, -0.38522, 0.92238, 0.00122, -0.70156, -0.71056, -0.05397, -0.71070, 0.70321, -0.01990, 0.05209, 0.02439, -0.99834
1.107277, -0.546, 0.083, -1.449, -0.00695, -0.32263, 0.94649, -0.00468, -0.79173, -0.61079, -0.01015, -0.61066, 0.79178, -0.01335, 0.01618, -0.00437, -0.99986
1.109192, -0.516, 0.075, -1.432, 0.00746, -0.26806, 0.96056, -0.07358, -0.85617, -0.51389, 0.05378, -0.51608, 0.84545, -0.13736, 0.02512, -0.14535, -0.98906
1.111108, -0.493, 0.067, -1.432, 0.04451, -0.19497, 0.97918, -0.03496, -0.92001, -0.37870, 0.10080, -0.38493, 0.92153, -0.05110, -0.07354, -0.08581, -0.99359
1.113024, -0.467, 0.060, -1.427, 0.04304, -0.13080, 0.98826, -0.06619, -0.96208, -0.25283, 0.10239, -0.26423, 0.95702, -0.11956, -0.06776, -0.14208, -0.98753
1.114939, -0.430, 0.051, -1.383, 0.09567, -0.06433, 0.98899, -0.09276, -0.97342, -0.10950, 0.20116, -0.14500, 0.97451, -0.17118, -0.17729, -0.19579, -0.96449
1.116855, -0.407, 0.044, -1.385, 0.07445, -0.00216, 0.99064, -0.11436, -0.98890, 0.01275, 0.14800, -0.02131, 0.97383, -0.22626, -0.14701, -0.22690, -0.96276
1.118771, -0.368, 0.035, -1.332, 0.11509, 0.06000, 0.97820, -0.16212, -0.96631, 0.15470, 0.20572, 0.08006, 0.94023, -0.33098, -0.24462, -0.30336, -0.92094
1.120686, -0.343, 0.027, -1.323, 0.11387, 0.12520, 0.97007, -0.17412, -0.94272, 0.28256, 0.17733, 0.20325, 0.90802, -0.36633, -0.26452, -0.30930, -0.91343
1.122602, -0.319, 0.020, -1.320, 0.11702, 0.19117, 0.96008, -0.16733, -0.89952, 0.40624, 0.16073, 0.32792, 0.87091, -0.36604, -0.28868, -0.27656, -0.91661
1.124518, -0.287, 0.013, -1.282, 0.12163, 0.24881, 0.93680, -0.21380, -0.84660, 0.51818, 0.12150, 0.41416, 0.78477, -0.46109, -0.33428, -0.34004, -0.87899
1.126433, -0.273, 0.005, -1.325, 0.05616, 0.31764, 0.92434, -0.20383, -0.79190, 0.61011, -0.02566, 0.56432, 0.71512, -0.41249, -0.23331, -0.34113, -0.91060
1.128349, -0.241, -0.002, -1.282, 0.09478, 0.37174, 0.89322, -0.23447, -0.70565, 0.70854, -0.00501, 0.61965, 0.61366, -0.48934, -0.34364, -0.34841, -0.87208
1.130265, -0.216, -0.009, -1.272, 0.07150, 0.42819, 0.86299, -0.25842, -0.62308, 0.77601, -0.09790, 0.70210, 0.49974, -0.50726, -0.34472, -0.38480, -0.85621
1.132181, -0.193, -0.017, -1.275, 0.06292, 0.48731, 0.83296, -0.25445, -0.51714, 0.84384, -0.14316, 0.77980, 0.39557, -0.48522, -0.35282, -0.36257, -0.86259
1.134096, -0.172, -0.025, -1.297, 0.02948, 0.54839, 0.80334, -0.23029, -0.39679, 0.89468, -0.20520, 0.86752, 0.29246, -0.40234, -0.29995, -0.33766, -0.89220
1.136012, -0.147, -0.033, -1.285, 0.05194, 0.59808, 0.76416, -0.23594, -0.27921, 0.93856, -0.20285, 0.88954, 0.17327, -0.42272, -0.36160, -0.29847, -0.88327
1.137928, -0.123, -0.040, -1.282, 0.02639, 0.64803, 0.72170, -0.24188, -0.15871, 0.94814, -0.27540, 0.92261, 0.04309, -0.38333, -0.35158, -0.31493, -0.88160
1.139843, -0.102, -0.050, -1.318, 0.00346, 0.70793, 0.68799, -0.15968, 0.00236, 0.97520, -0.22132, 0.97299, -0.05333, -0.22462, -0.23085, -0.21481, -0.94898
1.141759, -0.076, -0.057, -1.301, -0.02883, 0.74778, 0.63396, -0.19518, 0.12000, 0.93686, -0.32846, 0.95937, -0.19453, -0.20436, -0.25535, -0.29059, -0.92215
1.143675, -0.053, -0.065, -1.312, -0.00196, 0.79195, 0.58614, -0.17102, 0.25439, 0.92772, -0.27318, 0.92906, -0.31287, -0.19738, -0.26859, -0.20359, -0.94150
1.145590, -0.029, -0.074, -1.328, 0.01293, 0.83503, 0.53626, -0.12240, 0.39489, 0.89875, -0.19054, 0.89242, -0.42452, -0.15288, -0.21829, -0.10968, -0.96970
1.147506, -0.004, -0.083, -1.337, 0.00804, 0.87298, 0.48139, -0.07815, 0.52432, 0.84174, -0.12871, 0.83922, -0.53641, -0.08928, -0.14419, -0.06120, -0.98766
1.149422, 0.021, -0.091, -1.340, 0.02928, 0.90231, 0.42259, -0.07995, 0.63006, 0.76729, -0.11954, 0.75793, -0.64113, -0.12042, -0.16903, -0.01473, -0.98550
1.151338, 0.046, -0.100, -1.345, 0.01436, 0.93000, 0.36230, -0.06035, 0.73020, 0.67560, -0.10184, 0.67214, -0.73707, -0.07043, -0.12264, -0.01702, -0.99230
1.153253, 0.071, -0.108, -1.346, 0.05103, 0.95159, 0.29826, -0.05403, 0.81625, 0.57315, -0.07239, 0.56212, -0.81688, -0.12935, -0.13327, 0.06489, -0.98895
1.155169, 0.096, -0.115, -1.341, 0.03379, 0.97008, 0.23314, -0.05867, 0.88441, 0.45629, -0.09808, 0.44836, -0.88901, -0.09292, -0.12959, 0.03820, -0.99083
1.157085, 0.121, -0.123, -1.344, 0.05849, 0.98358, 0.16696, -0.03558, 0.94172, 0.33259, -0.05045, 0.32427, -0.93741, -0.12694, -0.08951, 0.10318, -0.99063
1.159000, 0.146, -0.132, -1.347, 0.06331, 0.99255, 0.10403, 0.00292, 0.97834, 0.20614, 0.01896, 0.20688, -0.97034, -0.12507, -0.00738, 0.12628, -0.99197
1.160916, 0.170, -0.138, -1.338, 0.08352, 0.99554, 0.03545, -0.02575, 0.99616, 0.07489, -0.04534, 0.06629, -0.98353, -0.16812, -0.05718, 0.16447, -0.98472
1.162832, 0.194, -0.145, -1.330, 0.08486, 0.99539, -0.03012, -0.03311, 0.99599, -0.05434, -0.07102, -0.06557, -0.98379, -0.16693, -0.06079, 0.17092, -0.98341
1.164747, 0.219, -0.154, -1.337, 0.11112, 0.98894, -0.09349, 0.03018, 0.98070, -0.19161, 0.03892, -0.17820, -0.95782, -0.22543, 0.08048, 0.21414, -0.97348
1.166663, 0.242, -0.160, -1.328, 0.14236, 0.97659, -0.15990, 0.02109, 0.94797, -0.31833, -0.00434, -0.30632, -0.90833, -0.28480, 0.08671, 0.27132, -0.95858
1.168579, 0.268, -0.168, -1.334, 0.15468, 0.96078, -0.22139, 0.06291, 0.89405, -0.44488, 0.05240, -0.40596, -0.85412, -0.32508, 0.18938, 0.26937, -0.94423
1.170494, 0.291, -0.175, -1.327, 0.17413, 0.94114, -0.28558, 0.04870, 0.83215, -0.55450, -0.00779, -0.52057, -0.77625, -0.35559, 0.19113, 0.29996, -0.93461
1.172410, 0.313, -0.181, -1.319, 0.18805, 0.91779, -0.34816, 0.03277, 0.75542, -0.65141, -0.07080, -0.62676, -0.68684, -0.36801, 0.19110, 0.32237, -0.92712
1.174326, 0.342, -0.191, -1.340, 0.18241, 0.88995, -0.40348, 0.10914, 0.65059, -0.75797, 0.04706, -0.67834, -0.60786, -0.41275, 0.34145, 0.23661, -0.90963
1.176242, 0.361, -0.196, -1.318, 0.19537, 0.86278, -0.46625, 0.00793, 0.56510, -0.80763, -0.16850, -0.80143, -0.48889, -0.34451, 0.19587, 0.32972, -0.92354
1.178157, 0.389, -0.205, -1.334, 0.18042, 0.83418, -0.52099, 0.01299, 0.45681, -0.87388, -0.16632, -0.86450, -0.39204, -0.31454, 0.20967, 0.28747, -0.93456
1.180073, 0.408, -0.210, -1.318, 0.18058, 0.79795, -0.57408, -0.03326, 0.33866, -0.90416, -0.26041, -0.92818, -0.27565, -0.25000, 0.15426, 0.32637, -0.93257
1.181989, 0.432, -0.218, -1.318, 0.20087, 0.75226, -0.62737, -0.01292, 0.21248, -0.93870, -0.27148, -0.94908, -0.13211, -0.28600, 0.23260, 0.31842, -0.91897
1.183904, 0.466, -0.231, -1.349, 0.15590, 0.72005, -0.67557, -0.02872, 0.08556, -0.96394, -0.25200, -0.98185, -0.03860, -0.18572, 0.16929, 0.26331, -0.94974
1.185820, 0.514, -0.250, -1.416, -0.12167, -0.67489, 0.72502, -0.06377, -0.05944, -0.99413, -0.09036, -0.96310, 0.08092, -0.25670, 0.26250, 0.07176, -0.96226
1.187736, 0.517, -0.247, -1.359, -0.15445, -0.62061, 0.76863, 0.01362, -0.18197, -0.94984, -0.25434, -0.95826, 0.22931, -0.17077, 0.22053, 0.21265, -0.95192
1.189651, 0.542, -0.255, -1.362, -0.13961, -0.56923, 0.80972, 0.02912, -0.31298, -0.91369, -0.25925, -0.92995, 0.35027, -0.11179, 0.19295, 0.20610, -0.95932
1.191567, 0.581, -0.270, -1.399, -0.10067, -0.52084, 0.84753, 0.01710, -0.43719, -0.87940, -0.18845, -0.88629, 0.45687, -0.07589, 0.15284, 0.13385, -0.97915
1.193483, 0.597, -0.275, -1.382, -0.07478, -0.47041, 0.87690, 0.06454, -0.54624, -0.81535, -0.19188, -0.83466, 0.54910, 0.04284, 0.07043, 0.18355, -0.98048
1.195398, 0.628, -0.286, -1.399, -0.00382, -0.42538, 0.90131, 0.08175, -0.63808, -0.76617, -0.07644, -0.76742, 0.62474, 0.14412, -0.06266, 0.15062, -0.98660
1.197314, 0.666, -0.300, -1.427, 0.02905, -0.36062, 0.93077, 0.05263, -0.73822, -0.67437, 0.01611, -0.66825, 0.73436, 0.11893, -0.09204, 0.07703, -0.99277
1.199230, 0.698, -0.311, -1.444, 0.08976, -0.30472, 0.94742, 0.03856, -0.79818, -0.58431, 0.14658, -0.57047, 0.81132, 0.12777, -0.19359, 0.01836, -0.98091
1.201146, 0.712, -0.314, -1.423, 0.04735, -0.23196, 0.97081, 0.03857, -0.88791, -0.45402, 0.07404, -0.44672, 0.88942, 0.09685, -0.10982, 0.05292, -0.99254
1.203061, 0.749, -0.327, -1.447, 0.11121, -0.16778, 0.97953, 0.00129, -0.91896, -0.32898, 0.21743, -0.32841, 0.94369, 0.03984, -0.21829, -0.03479, -0.97526
1.204977, 0.765, -0.331, -1.431, 0.08360, -0.08910, 0.99159, -0.04273, -0.97014, -0.16956, 0.17342, -0.18385, 0.98047, -0.06985, -0.15819, -0.09965, -0.98237
1.206893, 0.791, -0.339, -1.433, 0.11154, -0.02872, 0.99161, -0.05868, -0.97347, -0.04388, 0.22457, -0.07006, 0.99146, -0.10997, -0.21783, -0.12278, -0.96823
1.208808, 0.794, -0.338, -1.396, 0.12730, 0.00762, 0.99069, 0.04763, -0.96747, 0.00297, 0.25296, 0.02723, 0.99535, 0.09243, -0.25151, 0.09631, -0.96305
1.210724, 0.806, -0.340, -1.374, 0.08415, 0.07659, 0.99319, 0.02509, -0.97411, 0.14791, 0.17100, 0.15636, 0.98701, 0.03695, -0.16331, 0.06273, -0.98458
1.212640, 0.838, -0.351, -1.386, 0.12362, 0.13651, 0.98259, 0.02442, -0.93217, 0.26222, 0.24960, 0.27430, 0.96154, 0.01424, -0.23626, 0.08174, -0.96824
1.214555, 0.875, -0.364, -1.409, 0.15235, 0.20681, 0.96609, -0.02618, -0.86804, 0.40756, 0.28354, 0.39161, 0.91309, -0.11360, -0.30520, 0.01243, -0.95221
1.216471, 0.890, -0.368, -1.394, 0.13399, 0.24629, 0.95915, 0.03766, -0.84277, 0.46237, 0.27558, 0.48256, 0.87584, 0.00624, -0.23848, 0.13824, -0.96126
1.218387, 0.896, -0.368, -1.366, 0.05613, 0.32895, 0.94193, -0.03748, -0.77728, 0.62391, 0.08107, 0.61549, 0.78077, -0.10754, -0.13040, -0.03369, -0.99089
1.220302, 0.921, -0.375, -1.367, 0.07359, 0.41699, 0.89585, -0.13475, -0.64141, 0.76695, 0.01947, 0.72728, 0.61593, -0.30280, -0.24423, -0.18006, -0.95285
1.222218, 0.890, -0.361, -1.288, -0.03117, 0.46779, 0.87495, -0.12109, -0.56040, 0.81104, -0.16782, 0.82613, 0.53302, -0.18273, -0.05875, -0.24105, -0.96873
1.224134, 0.828, -0.335, -1.170, -0.14261, 0.48085, 0.86460, -0.03006, -0.49689, 0.82292, -0.27551, 0.84007, 0.53575, 0.08517, 0.21769, -0.18913, -0.95752
1.226050, 0.748, -0.301, -1.032, -0.20276, 0.53003, 0.82101, -0.06250, -0.35591, 0.84497, -0.39919, 0.89566, 0.43032, 0.11231, 0.26668, -0.31756, -0.90996
1.227965, 0.810, -0.325, -1.095, -0.20822, 0.54027, 0.81424, 0.04194, -0.32949, 0.89729, -0.29378, 0.86236, 0.41269, 0.29329, 0.38440, -0.15671, -0.90977
1.229881, 0.609, -0.244, -0.806, -0.29376, 0.53926, 0.78527, 0.07910, -0.24582, 0.89340, -0.37605, 0.80045, 0.40589, 0.44106, 0.54668, -0.19259, -0.81490
1.245206, 0.899, -0.350, -1.050, -0.19164, 0.91773, 0.27952, -0.20715, 0.75791, 0.43365, -0.48736, 0.59245, -0.77028, 0.23594, -0.27309, -0.46756, -0.84072
1.247122, 0.961, -0.372, -1.110, -0.10441, 0.94903, 0.15497, -0.25381, 0.82313, 0.24115, -0.51411, 0.34714, -0.93017, 0.11950, -0.44939, -0.27683, -0.84936
1.249038, 0.865, -0.334, -0.988, -0.15346, 0.94558, 0.14063, -0.25011, 0.83533, 0.18918, -0.51616, 0.34271, -0.91335, 0.21988, -0.42984, -0.36057, -0.82779
1.250954, 0.859, -0.332, -0.972, -0.17753, 0.94763, 0.11733, -0.23815, 0.85904, 0.13782, -0.49301, 0.30693, -0.90943, 0.28059, -0.40969, -0.39235, -0.82354
1.252869, 1.322, -0.509, -1.483, 0.01429, 0.97752, -0.05616, -0.20270, 0.91152, -0.10399, -0.39790, -0.11558, -0.99328, -0.00518, -0.39469, 0.05071, -0.91742
1.544055, 0.756, -0.261, -0.861, -0.24782, -0.24772, 0.92447, 0.15023, -0.75444, -0.38355, -0.53264, -0.53247, 0.83214, 0.15498, 0.38378, 0.40054, -0.83203
1.549802, 0.878, -0.303, -1.015, -0.27193, -0.20157, 0.93957, 0.05127, -0.77085, -0.35089, -0.53166, -0.40666, 0.91348, -0.01328, 0.49032, 0.20597, -0.84685
1.555549, 0.665, -0.230, -0.781, -0.27552, -0.19446, 0.93330, 0.12341, -0.77255, -0.29498, -0.56228, -0.43099, 0.89391, 0.12321, 0.46628, 0.33752, -0.81772
1.557464, 0.845, -0.293, -0.998, -0.07986, -0.30296, 0.88983, 0.33173, -0.80367, -0.48618, -0.34313, -0.59215, 0.59634, 0.54197, -0.05888, 0.63875, -0.76716
1.561296, 0.765, -0.265, -0.913, -0.25029, -0.18874, 0.94159, 0.12308, -0.80346, -0.29383, -0.51779, -0.41704, 0.89846, 0.13730, 0.42488, 0.32626, -0.84442
1.563212, 0.777, -0.269, -0.933, -0.21949, -0.20361, 0.93885, 0.17010, -0.82073, -0.30766, -0.48140, -0.45699, 0.85922, 0.23001, 0.34286, 0.40877, -0.84579
1.567043, 0.844, -0.292, -1.026, -0.17740, -0.20994, 0.93957, 0.20412, -0.84891, -0.32208, -0.41906, -0.46692, 0.82853, 0.30908, 0.24765, 0.45805, -0.85373
1.568959, 0.642, -0.223, -0.785, -0.15180, -0.23257, 0.91205, 0.30172, -0.84573, -0.33263, -0.41725, -0.51584, 0.70975, 0.47976, 0.13656, 0.62098, -0.77184
1.570874, 0.904, -0.313, -1.113, -0.11070, -0.23326, 0.93012, 0.26117, -0.86667, -0.37610, -0.32776, -0.49174, 0.75476, 0.43420, 0.08408, 0.53748, -0.83907
1.572790, 0.926, -0.321, -1.148, -0.03194, -0.26256, 0.90392, 0.33612, -0.86008, -0.45320, -0.23426, -0.49614, 0.63617, 0.59087, -0.11876, 0.62442, -0.77200
1.576621, 0.798, -0.277, -1.002, -0.10004, -0.22872, 0.91859, 0.30638, -0.87536, -0.35889, -0.32394, -0.48150, 0.70764, 0.51712, 0.04364, 0.60864, -0.79224
1.578537, 0.890, -0.309, -1.125, -0.05946, -0.22956, 0.91930, 0.31409, -0.88753, -0.38471, -0.25354, -0.45942, 0.69730, 0.55019, -0.03487, 0.60479, -0.79562
1.580453, 0.951, -0.330, -1.211, -0.04721, -0.22981, 0.92373, 0.30280, -0.88992, -0.39597, -0.22639, -0.45315, 0.71100, 0.53771, -0.05196, 0.58111, -0.81217
1.582368, 1.047, -0.364, -1.344, 0.05729, -0.26133, 0.89696, 0.35198, -0.85685, -0.50913, -0.08118, -0.42846, 0.61564, 0.66137, -0.28674, 0.60148, -0.74565
1.584284, 0.899, -0.312, -1.161, -0.03696, -0.22242, 0.91730, 0.32822, -0.89833, -0.38379, -0.21381, -0.43231, 0.68560, 0.58572, -0.07820, 0.61860, -0.78181
1.586200, 1.009, -0.350, -1.312, -0.03439, -0.20829, 0.93427, 0.28736, -0.91087, -0.36943, -0.18397, -0.40896, 0.74808, 0.52261, -0.05544, 0.55127, -0.83248
1.588116, 0.939, -0.326, -1.231, 0.06731, -0.25438, 0.88058, 0.39413, -0.86152, -0.50107, -0.08199, -0.39496, 0.55989, 0.72837, -0.31906, 0.65989, -0.68026
1.590031, 1.218, -0.423, -1.611, 0.05141, -0.20921, 0.94095, 0.26116, -0.90717, -0.42057, -0.01253, -0.36687, 0.77605, 0.51298, -0.20602, 0.46996, -0.85831
1.591947, 0.910, -0.316, -1.210, -0.06554, -0.18249, 0.93637, 0.29259, -0.92481, -0.30340, -0.22952, -0.38010, 0.76218, 0.52402, 0.01595, 0.57186, -0.82020
1.593863, 1.030, -0.358, -1.382, 0.04009, -0.21008, 0.91700, 0.33672, -0.90852, -0.41228, -0.06796, -0.35829, 0.68498, 0.63438, -0.21499, 0.60069, -0.77003
1.595778, 1.250, -0.435, -1.692, 0.09895, -0.19501, 0.93798, 0.26902, -0.90436, -0.41907, 0.08070, -0.31259, 0.77920, 0.54326, -0.29055, 0.46608, -0.83567
1.597694, 0.951, -0.331, -1.297, 0.15974, -0.24811, 0.85666, 0.42315, -0.82585, -0.56028, 0.06371, -0.28991, 0.51878, 0.80425, -0.48366, 0.64572, -0.59086
1.599610, 1.032, -0.359, -1.417, 0.01906, -0.18107, 0.92948, 0.32082, -0.93370, -0.34884, -0.08075, -0.32438, 0.72857, 0.60329, -0.15161, 0.58948, -0.79342
1.601525, 1.239, -0.431, -1.718, 0.13122, -0.18678, 0.93000, 0.28809, -0.89579, -0.42301, 0.13645, -0.27180, 0.76423, 0.58487, -0.35168, 0.48684, -0.79957
1.603441, 0.997, -0.347, -1.393, 0.14842, -0.21677, 0.87647, 0.40346, -0.86197, -0.49974, 0.08525, -0.26022, 0.58046, 0.77159, -0.43508, 0.64290, -0.63038
1.605357, 1.005, -0.350, -1.415, 0.04105, -0.17351, 0.92040, 0.34796, -0.93642, -0.34796, -0.04518, -0.29082, 0.69763, 0.65478, -0.19632, 0.62628, -0.75447
1.607273, 1.123, -0.391, -1.596, 0.15635, -0.18706, 0.90319, 0.35327, -0.88113, -0.44837, 0.15026, -0.22744, 0.68041, 0.69664, -0.41459, 0.57966, -0.70151
1.609188, 1.456, -0.507, -2.088, 0.44674, -0.12621, 0.88464, 0.04367, -0.56899, -0.26231, 0.77939, -0.18428, 0.96433, 0.19002, -0.80143, -0.03551, -0.59703
1.611104, 1.042, -0.363, -1.505, 0.11952, -0.17523, 0.90185, 0.37641, -0.91002, -0.40603, 0.08367, -0.22608, 0.65523, 0.72081, -0.34749, 0.63704, -0.68806
1.613020, 1.154, -0.403, -1.682, 0.17094, -0.16778, 0.90986, 0.33881, -0.88526, -0.42114, 0.19738, -0.18947, 0.71412, 0.67389, -0.42476, 0.55917, -0.71198
1.614935, 1.268, -0.442, -1.865, 0.22381, -0.14773, 0.92172, 0.28021, -0.85617, -0.39776, 0.32978, -0.14691, 0.79931, 0.58268, -0.49537, 0.45043, -0.74278
1.616851, 1.327, -0.463, -1.968, 0.42886, -0.13223, 0.87729, 0.17016, -0.59718, -0.37797, 0.70747, -0.08606, 0.90712, 0.41199, -0.79748, 0.18515, -0.57424
1.618767, 1.296, -0.452, -1.940, 0.49438, -0.12319, 0.84988, 0.13460, -0.48081, -0.34249, 0.80717, -0.07630, 0.93341, 0.35060, -0.87350, 0.10698, -0.47493
1.620682, 1.274, -0.445, -1.922, 0.28539, -0.13072, 0.91207, 0.26379, -0.80293, -0.38902, 0.45163, -0.08788, 0.82665, 0.55581, -0.58956, 0.40659, -0.69793
1.622598, 1.329, -0.464, -2.023, 0.19854, -0.10214, 0.94879, 0.22349, -0.90030, -0.28256, 0.33110, -0.10507, 0.87924, 0.46465, -0.42241, 0.38353, -0.82126
1.624514, 1.131, -0.396, -1.738, 0.36921, -0.14996, 0.86028, 0.31799, -0.68239, -0.49282, 0.53988, -0.02320, 0.75279, 0.65785, -0.73062, 0.43638, -0.52513
1.626429, 1.230, -0.430, -1.904, 0.14274, -0.09236, 0.94406, 0.28256, -0.94219, -0.25506, 0.21732, -0.09373, 0.82326, 0.55987, -0.32171, 0.50714, -0.79957
1.628345, 1.417, -0.495, -2.214, 0.22149, -0.04858, 0.96537, 0.12900, -0.89717, -0.15093, 0.41510, -0.03664, 0.96200, 0.27059, -0.44017, 0.22755, -0.86861
1.630261, 1.260, -0.441, -1.988, 0.16686, -0.07330, 0.94452, 0.27327, -0.93357, -0.22966, 0.27515, -0.04727, 0.83990, 0.54067, -0.35527, 0.49175, -0.79496
1.632177, 1.408, -0.492, -2.240, 0.26240, -0.03652, 0.95384, 0.14141, -0.85963, -0.14388, 0.49025, 0.00454, 0.95734, 0.28893, -0.51090, 0.25060, -0.82230
1.634092, 1.254, -0.439, -2.011, 0.05468, -0.03471, 0.97268, 0.22292, -0.99161, -0.09189, 0.09089, -0.04314, 0.89820, 0.43746, -0.12184, 0.42987, -0.89463
1.636008, 1.392, -0.487, -2.253, 0.05124, 0.02769, 0.99741, 0.04217, -0.99322, 0.05092, 0.10455, 0.05957, 0.99491, 0.08128, -0.09988, 0.08696, -0.99119
1.637924, 1.284, -0.450, -2.100, 0.37174, -0.05144, 0.89991, 0.22208, -0.71833, -0.25769, 0.64622, 0.07254, 0.89607, 0.43795, -0.69191, 0.36147, -0.62498
1.639839, 1.155, -0.405, -1.905, 0.20426, -0.06910, 0.91010, 0.35387, -0.90701, -0.27034, 0.32288, 0.01878, 0.74001, 0.67234, -0.42069, 0.61588, -0.66612
1.641755, 1.392, -0.488, -2.317, 0.20670, 0.00559, 0.96637, 0.15288, -0.91449, -0.05239, 0.40120, 0.07401, 0.95319, 0.29317, -0.39778, 0.29779, -0.86781
1.643671, 1.288, -0.452, -2.163, 0.07160, 0.00382, 0.97290, 0.21981, -0.98972, -0.02404, 0.14101, 0.03892, 0.90334, 0.42716, -0.13765, 0.42826, -0.89311
1.645586, 1.219, -0.428, -2.066, 0.24572, -0.03601, 0.91497, 0.31804, -0.87665, -0.22218, 0.42675, 0.09041, 0.79511, 0.59969, -0.47255, 0.56430, -0.67695
1.647502, 1.455, -0.511, -2.488, 0.28907, 0.07080, 0.95423, -0.02945, -0.82286, 0.15215, 0.54750, 0.11810, 0.98824, -0.09714, -0.55584, -0.01528, -0.83115
1.649418, 1.420, -0.499, -2.451, 0.21524, 0.05045, 0.97047, 0.09649, -0.90225, 0.05639, 0.42751, 0.13946, 0.97629, 0.16556, -0.40804, 0.20900, -0.88872
1.651333, 1.436, -0.505, -2.502, 0.14472, 0.10242, 0.98408, -0.01251, -0.93713, 0.20520, 0.28228, 0.19796, 0.97871, -0.05426, -0.28740, 0.00503, -0.95780
1.653249, 1.423, -0.501, -2.502, 0.17648, 0.07845, 0.97640, 0.09666, -0.92540, 0.11908, 0.35980, 0.18731, 0.96900, 0.16107, -0.32946, 0.21645, -0.91902
1.655165, 1.148, -0.405, -2.037, -0.09560, 0.07599, 0.97009, 0.20978, -0.97017, 0.18754, -0.15361, 0.10732, 0.90044, 0.42154, 0.21737, 0.39248, -0.89371
1.657081, 1.297, -0.458, -2.323, 0.01283, 0.08520, 0.98119, 0.17273, -0.98515, 0.16276, 0.05462, 0.17163, 0.92581, 0.33677, 0.00425, 0.34114, -0.94000
1.658996, 1.176, -0.416, -2.126, 0.29392, 0.00658, 0.89080, 0.34648, -0.82714, -0.19195, 0.52820, 0.21540, 0.75981, 0.61343, -0.51908, 0.62116, -0.58712
1.660912, 1.212, -0.429, -2.212, 0.17809, 0.03408, 0.92561, 0.33223, -0.93425, -0.05525, 0.35232, 0.18142, 0.77692, 0.60289, -0.30704, 0.62717, -0.71581
1.662828, 1.206, -0.427, -2.221, -0.05535, 0.10235, 0.96990, 0.21389, -0.97292, 0.22223, -0.06359, 0.17487, 0.88755, 0.42624, 0.15116, 0.40358, -0.90237
1.664743, 1.036, -0.367, -1.925, -0.05281, 0.06276, 0.93841, 0.33565, -0.98655, 0.15324, -0.05697, 0.08234, 0.76679, 0.63659, 0.14124, 0.62333, -0.76909
1.666659, 1.078, -0.383, -2.023, 0.16269, 0.02379, 0.89281, 0.41935, -0.94593, -0.09397, 0.31046, 0.17893, 0.64715, 0.74106, -0.27055, 0.75655, -0.59535
1.668575, 1.114, -0.396, -2.110, 0.06312, 0.06279, 0.92565, 0.36777, -0.98415, 0.06981, 0.16304, 0.16267, 0.72161, 0.67292, -0.07068, 0.68877, -0.72152
1.670490, 1.257, -0.447, -2.402, 0.18418, 0.08512, 0.92826, 0.31171, -0.91766, 0.04321, 0.39500, 0.27285, 0.79119, 0.54734, -0.28887, 0.61005, -0.73783
1.672406, 1.315, -0.468, -2.539, 0.20715, 0.11160, 0.93637, 0.26046, -0.88927, 0.10109, 0.44607, 0.31691, 0.83941, 0.44154, -0.32980, 0.53401, -0.77850
1.674322, 1.300, -0.463, -2.533, 0.17263, 0.12091, 0.93760, 0.27658, -0.91116, 0.13124, 0.39059, 0.32222, 0.81777, 0.47689, -0.25683, 0.56038, -0.78741
1.676237, 1.047, -0.374, -2.059, 0.24141, 0.05316, 0.85769, 0.45085, -0.87779, -0.12650, 0.46204, 0.30887, 0.58781, 0.74772, -0.36618, 0.79905, -0.47690
1.678153, 1.328, -0.474, -2.636, 0.05768, 0.16910, 0.96333, 0.20019, -0.93616, 0.30271, 0.17883, 0.34889, 0.86266, 0.36619, -0.04342, 0.40521, -0.91319
1.680069, 1.114, -0.398, -2.232, -0.12375, 0.16755, 0.94322, 0.25874, -0.91323, 0.38011, -0.14675, 0.25203, 0.80996, 0.52957, 0.32016, 0.44664, -0.83547
1.681985, 1.261, -0.451, -2.551, -0.09936, 0.23349, 0.96209, 0.09996, -0.87122, 0.46914, -0.14451, 0.42942, 0.87098, 0.23874, 0.23787, 0.14594, -0.96027
1.683900, 1.182, -0.423, -2.415, -0.04674, 0.17140, 0.94320, 0.28073, -0.93687, 0.34958, 0.00806, 0.29709, 0.78363, 0.54559, 0.18441, 0.51354, -0.83801
1.685816, 1.081, -0.387, -2.230, 0.52807, 0.16344, 0.79530, 0.24883, -0.38885, -0.00283, 0.92130, 0.52277, 0.82274, 0.22317, -0.75862, 0.56840, -0.31844
1.687732, 1.049, -0.377, -2.184, -0.06886, 0.16131, 0.91882, 0.35357, -0.93847, 0.34513, -0.01246, 0.24774, 0.69793, 0.67195, 0.24061, 0.62752, -0.74049
1.691563, 0.895, -0.323, -1.900, -0.08974, 0.14862, 0.89457, 0.41183, -0.93971, 0.33983, -0.03815, 0.19199, 0.61662, 0.76349, 0.28298, 0.71014, -0.64469
1.693479, 0.962, -0.347, -2.062, -0.17158, 0.19774, 0.90609, 0.33234, -0.86291, 0.47240, -0.17950, 0.24430, 0.70089, 0.67013, 0.44238, 0.53441, -0.72021
1.697310, 1.195, -0.433, -2.613, 0.08137, 0.20514, 0.90699, 0.35870, -0.90259, 0.31375, 0.29477, 0.43050, 0.65851, 0.61728, -0.00044, 0.68405, -0.72943
1.706889, 0.902, -0.330, -2.074, -0.16349, 0.23380, 0.87642, 0.38794, -0.83721, 0.53667, -0.10517, 0.28297, 0.58968, 0.75644, 0.46797, 0.60354, -0.64555
1.708804, 1.066, -0.390, -2.474, -0.14520, 0.28233, 0.89320, 0.31844, -0.79842, 0.59682, -0.07958, 0.41187, 0.63778, 0.65085, 0.43920, 0.48687, -0.75502
1.710720, 1.096, -0.402, -2.568, -0.14199, 0.29644, 0.89593, 0.29879, -0.78393, 0.61602, -0.07728, 0.44632, 0.64570, 0.61957, 0.43157, 0.45121, -0.78113
1.712636, 0.870, -0.320, -2.057, -0.32988, 0.32099, 0.85661, 0.23317, -0.57630, 0.70375, -0.41547, 0.39608, 0.68520, 0.61124, 0.71484, 0.18770, -0.67362
1.714551, 0.908, -0.335, -2.170, -0.02411, 0.23342, 0.85671, 0.45933, -0.88987, 0.42209, 0.17312, 0.37779, 0.46907, 0.79828, 0.25574, 0.77577, -0.57687
1.718383, 0.662, -0.246, -1.618, 0.11733, 0.18624, 0.79052, 0.57152, -0.90310, 0.16034, 0.39838, 0.42856, 0.27737, 0.85989, 0.02737, 0.94729, -0.31920
1.835240, 0.505, -0.252, -2.566, -0.26312, 0.71151, 0.46378, 0.45764, 0.15095, 0.90079, 0.40717, 0.41914, -0.43136, 0.79891, 0.89528, 0.05007, -0.44267
1.837156, 0.415, -0.208, -2.135, -0.37260, 0.70536, 0.45500, 0.39574, 0.27273, 0.93679, 0.21921, 0.34698, -0.30828, 0.88576, 0.89734, -0.16551, -0.40912
1.839071, 0.533, -0.268, -2.776, -0.20293, 0.74749, 0.46900, 0.42441, 0.19983, 0.87340, 0.44413, 0.52890, -0.47771, 0.70147, 0.82482, 0.09472, -0.55740
1.840987, 0.583, -0.295, -3.068, -0.11730, 0.79112, 0.46741, 0.37670, 0.27925, 0.82793, 0.48637, 0.65118, -0.53553, 0.53775, 0.70569, 0.16655, -0.68867
1.842903, 0.619, -0.315, -3.299, -0.13267, 0.84048, 0.47156, 0.23159, 0.44800, 0.85412, 0.26416, 0.73122, -0.52006, 0.44142, 0.51441, -0.00460, -0.85753
1.844818, 0.552, -0.283, -2.977, -0.22894, 0.80662, 0.47124, 0.27367, 0.40608, 0.88552, 0.22572, 0.63490, -0.45105, 0.62726, 0.65726, -0.11141, -0.74538
1.846734, 0.481, -0.248, -2.625, -0.29080, 0.77337, 0.46345, 0.32023, 0.36533, 0.90309, 0.22576, 0.53059, -0.40129, 0.74662, 0.76486, -0.15298, -0.62577
1.848650, 0.594, -0.307, -3.276, -0.15488, 0.86918, 0.46956, 0.00695, 0.55892, 0.81842, -0.13336, 0.81412, -0.51105, 0.27577, 0.15754, -0.26271, -0.95193
1.850566, 0.565, -0.294, -3.162, -0.18496, 0.84841, 0.47321, 0.14855, 0.50801, 0.85790, 0.07701, 0.74800, -0.48372, 0.45443, 0.42711, -0.17325, -0.88745
1.852481, 0.546, -0.286, -3.094, -0.18525, 0.83783, 0.47068, 0.20537, 0.47257, 0.86480, 0.16974, 0.71262, -0.48828, 0.50375, 0.51852, -0.11710, -0.84701
1.854397, 0.540, -0.285, -3.100, -0.16013, 0.83481, 0.47140, 0.23500, 0.44511, 0.86233, 0.24138, 0.71181, -0.50427, 0.48892, 0.54333, -0.04580, -0.83827
1.856313, 0.578, -0.306, -3.357, 0.07655, 0.88474, 0.44838, -0.10160, 0.57727, 0.80896, -0.11113, 0.77785, -0.58619, -0.22657, -0.24843, 0.04435, -0.96763
1.858228, 0.547, -0.292, -3.220, -0.16682, 0.86818, 0.46629, -0.03162, 0.56315, 0.79910, -0.21048, 0.82020, -0.50949, 0.26017, 0.10067, -0.31915, -0.94234
1.860144, 0.524, -0.282, -3.128, 0.05201, 0.81621, 0.45231, 0.35568, 0.33781, 0.70137, 0.62766, 0.77537, -0.58541, 0.23685, 0.53356, 0.40666, -0.74158
1.862060, 0.576, -0.312, -3.485, 0.01628, 0.88193, 0.46611, 0.06834, 0.55613, 0.81994, 0.13572, 0.82439, -0.56494, 0.03499, 0.10536, 0.09243, -0.99013
1.863975, 0.561, -0.305, -3.436, 0.22632, 0.86497, 0.44494, 0.05132, 0.59878, 0.74649, 0.29019, 0.79295, -0.50161, -0.34585, -0.11261, 0.43719, -0.89229
1.865891, 0.510, -0.280, -3.166, 0.36188, 0.82097, 0.42087, 0.13386, 0.60991, 0.59416, 0.52439, 0.78792, -0.38384, -0.48151, -0.08481, 0.70685, -0.70226
1.867807, 0.513, -0.284, -3.219, 0.24855, 0.82661, 0.42450, 0.27337, 0.49013, 0.56590, 0.66296, 0.83769, -0.51605, -0.17882, 0.24093, 0.64300, -0.72698
1.869722, 0.519, -0.289, -3.287, -0.14587, 0.88083, 0.44412, 0.07491, 0.59429, 0.80425, 0.00241, 0.76054, -0.56296, 0.32351, 0.26154, -0.19043, -0.94622
1.871638, 0.476, -0.266, -3.047, 0.30457, 0.86125, 0.37302, -0.16229, 0.66903, 0.74139, -0.05232, 0.54367, -0.53618, -0.64570, -0.50677, 0.40355, -0.76180
1.873554, 0.501, -0.283, -3.242, 0.14246, 0.89573, 0.38421, -0.17249, 0.64527, 0.73744, -0.19953, 0.63915, -0.66418, -0.38776, -0.41847, 0.12268, -0.89991
1.875470, 0.494, -0.282, -3.231, -0.13829, 0.90374, 0.40485, -0.01527, 0.67172, 0.72754, -0.13957, 0.73598, -0.63394, 0.23759, 0.08438, -0.26232, -0.96129
1.877385, 0.499, -0.286, -3.302, 0.16167, 0.89072, 0.38395, 0.18184, 0.63903, 0.62520, 0.44807, 0.74278, -0.65289, -0.14836, 0.19979, 0.42763, -0.88160
1.879301, 0.410, -0.238, -2.750, 0.18985, 0.81730, 0.35445, 0.41272, 0.40804, 0.42268, 0.80922, 0.73610, -0.67664, -0.01774, 0.54006, 0.60291, -0.58723
1.881217, 0.490, -0.286, -3.316, 0.11531, 0.91613, 0.36376, 0.12280, 0.70519, 0.63819, 0.30890, 0.69483, -0.70876, -0.12194, 0.14112, 0.30063, -0.94324
1.883132, 0.467, -0.275, -3.199, -0.01825, 0.90211, 0.36449, 0.23024, 0.62828, 0.66602, 0.40210, 0.64921, -0.73363, 0.20077, 0.42871, 0.13491, -0.89331
1.885048, 0.473, -0.280, -3.276, 0.12969, 0.93356, 0.33207, -0.03722, 0.77669, 0.62966, 0.01663, 0.61035, -0.74583, -0.26686, -0.15562, 0.21742, -0.96359
1.886964, 0.454, -0.272, -3.186, -0.04831, 0.91528, 0.34085, 0.20916, 0.68015, 0.64415, 0.34995, 0.60374, -0.76298, 0.23101, 0.41581, 0.05415, -0.90784
1.888879, 0.433, -0.261, -3.074, 0.30010, 0.89512, 0.29769, 0.14168, 0.78261, 0.44790, 0.43232, 0.61798, -0.64264, -0.45290, 0.07497, 0.62161, -0.77973
1.890795, 0.415, -0.252, -2.985, 0.14529, 0.88362, 0.30389, 0.32519, 0.60380, 0.44257, 0.66299, 0.63155, -0.77308, -0.05911, 0.48639, 0.45440, -0.74629
1.892711, 0.419, -0.257, -3.052, 0.13014, 0.89879, 0.29568, 0.29634, 0.64951, 0.45438, 0.60965, 0.60864, -0.79127, -0.05869, 0.45573, 0.40918, -0.79050
1.894626, 0.405, -0.251, -2.984, 0.22404, 0.89093, 0.27510, 0.28349, 0.68791, 0.36316, 0.62841, 0.61721, -0.74826, -0.24323, 0.38188, 0.55518, -0.73888
1.896542, 0.403, -0.252, -3.004, 0.15042, 0.90038, 0.27060, 0.30573, 0.66661, 0.39531, 0.63195, 0.57926, -0.80830, -0.10540, 0.46914, 0.43632, -0.76781
1.898458, 0.429, -0.270, -3.224, 0.17677, 0.94880, 0.25798, 0.04438, 0.86295, 0.47386, 0.17543, 0.50524, -0.80440, -0.31254, -0.00698, 0.35834, -0.93357
1.900374, 0.422, -0.268, -3.208, 0.09446, 0.94255, 0.25620, 0.19245, 0.79464, 0.44661, 0.41120, 0.51933, -0.85088, -0.07945, 0.31440, 0.27668, -0.90808
1.902289, 0.416, -0.267, -3.196, -0.08281, 0.95655, 0.25675, 0.11057, 0.84371, 0.50950, 0.16901, 0.47288, -0.85445, 0.21520, 0.25406, -0.10164, -0.96183
1.904205, 0.396, -0.256, -3.081, 0.09210, 0.92691, 0.23487, 0.27784, 0.73528, 0.38423, 0.55833, 0.48658, -0.87271, -0.04022, 0.47180, 0.30125, -0.82865
1.906121, 0.384, -0.251, -3.028, 0.26594, 0.92075, 0.20502, 0.19866, 0.83701, 0.27188, 0.47487, 0.48320, -0.77448, -0.40828, 0.25678, 0.57119, -0.77962
1.908036, 0.394, -0.260, -3.140, 0.12262, 0.94364, 0.21234, 0.22231, 0.81098, 0.34623, 0.47163, 0.45526, -0.87975, -0.13700, 0.36748, 0.32582, -0.87109
1.909952, 0.404, -0.269, -3.252, 0.06530, 0.97059, 0.20440, 0.10918, 0.89260, 0.38252, 0.23863, 0.41103, -0.90791, -0.08212, 0.18525, 0.17138, -0.96763
1.911868, 0.392, -0.263, -3.198, 0.13884, 0.95976, 0.18775, 0.15597, 0.88085, 0.31708, 0.35152, 0.40370, -0.89095, -0.20794, 0.24725, 0.32507, -0.91280
1.913783, 0.334, -0.227, -2.767, 0.03845, 0.88854, 0.18089, 0.41988, 0.58196, 0.28917, 0.76007, 0.35375, -0.93160, 0.08358, 0.73225, 0.22023, -0.64445
1.915699, 0.360, -0.248, -3.017, 0.01044, 0.93136, 0.17420, 0.31954, 0.73509, 0.31782, 0.59886, 0.33116, -0.93909, 0.09189, 0.59158, 0.13077, -0.79557
1.917615, 0.321, -0.222, -2.726, 0.34474, 0.88936, 0.13704, 0.26721, 0.81964, 0.05952, 0.56978, 0.42800, -0.72474, -0.53997, 0.38081, 0.68644, -0.61950
1.919531, 0.378, -0.265, -3.245, 0.08741, 0.98232, 0.14544, 0.07908, 0.94518, 0.27192, 0.18079, 0.29957, -0.94241, -0.14873, 0.12994, 0.19474, -0.97221
1.921446, 0.263, -0.186, -2.294, 0.23493, 0.84263, 0.12579, 0.46792, 0.53045, -0.00787, 0.84768, 0.43184, -0.85797, -0.27820, 0.72948, 0.51364, -0.45171
1.923362, 0.332, -0.238, -2.936, 0.20645, 0.92804, 0.11890, 0.28634, 0.80775, 0.10245, 0.58056, 0.33891, -0.88649, -0.31509, 0.48238, 0.45127, -0.75078
1.925278, 0.314, -0.228, -2.815, 0.24877, 0.90977, 0.10401, 0.31561, 0.77915, 0.03223, 0.62601, 0.34628, -0.85459, -0.38699, 0.52251, 0.51830, -0.67701
1.927193, 0.317, -0.233, -2.882, 0.19068, 0.92172, 0.10011, 0.32258, 0.77183, 0.06153, 0.63284, 0.30757, -0.90724, -0.28691, 0.55648, 0.41609, -0.71917
1.929109, 0.315, -0.234, -2.901, 0.01423, 0.92375, 0.10329, 0.36854, 0.70702, 0.18034, 0.68382, 0.20132, -0.97826, 0.04984, 0.67793, 0.10243, -0.72795
1.931025, 0.307, -0.231, -2.876, -0.01917, 0.92333, 0.08934, 0.37298, 0.70581, 0.17928, 0.68534, 0.15069, -0.98330, 0.10204, 0.69219, 0.03125, -0.72104
1.932940, 0.287, -0.218, -2.727, 0.23873, 0.90212, 0.06734, 0.35306, 0.74162, -0.04707, 0.66916, 0.29007, -0.87695, -0.38317, 0.60486, 0.47828, -0.63671
1.934856, 0.288, -0.221, -2.773, 0.15967, 0.90802, 0.06157, 0.38237, 0.70000, -0.01030, 0.71407, 0.23391, -0.94143, -0.24288, 0.67475, 0.33705, -0.65659
1.936772, 0.235, -0.184, -2.305, -0.11209, 0.85167, 0.06564, 0.50773, 0.47581, 0.22563, 0.85012, -0.00202, -0.96625, 0.25758, 0.87955, -0.12428, -0.45929
1.938687, 0.240, -0.190, -2.391, 0.16303, 0.85718, 0.04382, 0.48656, 0.52268, -0.08353, 0.84843, 0.23377, -0.94300, -0.23686, 0.81985, 0.32214, -0.47336
1.940603, 0.281, -0.224, -2.838, 0.01909, 0.91869, 0.03698, 0.39279, 0.68870, 0.05295, 0.72311, 0.08295, -0.99654, -0.00602, 0.72028, 0.06412, -0.69071
1.942519, 0.317, -0.256, -3.240, 0.08401, 0.99238, 0.01152, 0.08943, 0.98374, 0.00785, 0.17944, 0.03790, -0.98562, -0.16468, 0.17556, 0.16880, -0.96989
1.944435, 0.260, -0.213, -2.708, 0.10498, 0.89708, 0.01522, 0.42895, 0.63153, -0.06275, 0.77280, 0.11738, -0.97749, -0.17530, 0.76641, 0.20142, -0.60995
1.946350, 0.240, -0.199, -2.542, 0.10478, 0.87499, 0.00713, 0.47261, 0.55317, -0.08657, 0.82856, 0.11151, -0.97794, -0.17662, 0.82557, 0.19009, -0.53132
1.948266, 0.274, -0.231, -2.955, -0.10123, 0.94362, -0.00317, 0.31514, 0.80135, 0.05782, 0.59539, -0.06978, -0.97949, 0.18905, 0.59411, -0.19304, -0.78088
1.950182, 0.254, -0.217, -2.787, 0.18099, 0.91353, -0.02150, 0.36367, 0.73457, -0.17093, 0.65665, 0.09235, -0.93356, -0.34631, 0.67222, 0.31503, -0.66998
1.952097, 0.230, -0.199, -2.568, 0.14275, 0.87569, -0.02268, 0.46074, 0.57441, -0.17127, 0.80045, 0.09182, -0.95821, -0.27091, 0.81340, 0.22911, -0.53468
1.954013, 0.254, -0.223, -2.891, 0.21943, 0.92494, -0.05099, 0.30617, 0.80732, -0.22869, 0.54400, 0.04005, -0.89850, -0.43714, 0.58875, 0.37470, -0.71622
1.955929, 0.230, -0.206, -2.665, -0.12247, 0.90021, -0.04015, 0.41594, 0.65076, 0.02959, 0.75871, -0.17417, -0.96678, 0.18709, 0.73904, -0.25390, -0.62399
1.957844, 0.244, -0.222, -2.884, 0.11831, 0.91818, -0.06418, 0.37260, 0.71410, -0.20602, 0.66904, -0.02970, -0.96377, -0.26508, 0.69941, 0.16942, -0.69434
1.959760, 0.204, -0.189, -2.466, 0.15500, 0.85935, -0.06186, 0.48339, 0.52501, -0.25618, 0.81162, 0.04352, -0.94430, -0.32621, 0.84998, 0.20659, -0.48462
1.961676, 0.214, -0.201, -2.630, 0.17654, 0.88286, -0.07749, 0.42824, 0.62121, -0.28802, 0.72879, 0.01438, -0.92566, -0.37808, 0.78351, 0.24535, -0.57089
1.963591, 0.247, -0.235, -3.086, 0.12331, 0.94547, -0.10295, 0.28333, 0.81825, -0.26455, 0.51037, -0.12480, -0.94839, -0.29150, 0.56115, 0.17483, -0.80904
1.965507, 0.224, -0.217, -2.862, 0.08106, 0.90911, -0.10154, 0.39578, 0.66610, -0.24878, 0.70315, -0.12045, -0.96624, -0.22776, 0.73608, 0.06701, -0.67357
1.967423, 0.236, -0.233, -3.083, 0.12209, 0.94342, -0.12404, 0.28226, 0.80989, -0.30297, 0.50229, -0.16512, -0.93941, -0.30040, 0.56287, 0.16035, -0.81085
1.969339, 0.223, -0.224, -2.966, 0.15794, 0.92501, -0.13066, 0.31990, 0.76119, -0.34277, 0.55055, -0.14067, -0.91597, -0.37579, 0.63309, 0.20860, -0.74544
1.971254, 0.220, -0.226, -2.996, -0.05819, 0.93264, -0.13577, 0.32919, 0.74640, -0.21494, 0.62984, -0.29156, -0.95636, 0.01915, 0.59823, -0.19793, -0.77649
1.973170, 0.217, -0.226, -3.010, -0.00487, 0.93073, -0.14563, 0.33543, 0.73256, -0.26781, 0.62580, -0.27435, -0.95754, -0.08863, 0.62297, -0.10676, -0.77493
1.975086, 0.179, -0.190, -2.546, 0.04628, 0.86041, -0.13791, 0.48840, 0.48490, -0.28253, 0.82768, -0.19211, -0.95768, -0.21436, 0.85321, -0.05507, -0.51866
1.977001, 0.217, -0.234, -3.146, 0.17642, 0.94570, -0.18414, 0.20153, 0.85096, -0.41940, 0.31620, -0.27718, -0.86993, -0.40790, 0.44615, 0.25946, -0.85652
1.978917, 0.216, -0.239, -3.206, -0.09584, 0.96258, -0.18768, 0.17037, 0.87150, -0.32865, 0.36397, -0.39396, -0.91118, 0.12056, 0.29202, -0.24846, -0.92358
1.980833, 0.195, -0.220, -2.968, 0.10303, 0.91488, -0.18871, 0.34172, 0.69522, -0.41572, 0.58638, -0.27488, -0.90754, -0.31750, 0.66416, 0.05955, -0.74522
1.982748, 0.194, -0.223, -3.016, 0.09545, 0.92089, -0.19913, 0.32125, 0.71430, -0.42808, 0.55365, -0.30543, -0.90247, -0.30374, 0.62968, 0.04786, -0.77538
1.984664, 0.165, -0.195, -2.642, -0.00068, 0.86806, -0.19167, 0.45797, 0.50706, -0.33214, 0.79534, -0.33338, -0.92652, -0.17438, 0.79483, -0.17673, -0.58053
1.986580, 0.174, -0.210, -2.859, -0.02906, 0.89735, -0.21356, 0.38512, 0.61216, -0.36089, 0.70358, -0.40566, -0.90710, -0.11234, 0.67875, -0.21664, -0.70168
1.988495, 0.174, -0.214, -2.924, -0.09129, 0.90762, -0.22502, 0.34243, 0.66422, -0.34594, 0.66267, -0.47098, -0.88207, 0.01161, 0.58050, -0.31982, -0.74882
1.990411, 0.156, -0.196, -2.697, 0.02143, 0.86844, -0.22503, 0.44126, 0.50931, -0.40976, 0.75677, -0.37194, -0.89780, -0.23581, 0.77606, -0.16138, -0.60967
1.992327, 0.152, -0.197, -2.712, 0.04552, 0.86601, -0.23554, 0.43873, 0.50408, -0.44790, 0.73844, -0.36802, -0.88490, -0.28551, 0.78132, -0.12784, -0.61090
1.994243, 0.144, -0.191, -2.642, 0.05783, 0.85387, -0.24350, 0.45636, 0.46488, -0.46862, 0.75119, -0.36306, -0.87472, -0.32101, 0.80751, -0.12349, -0.57678
1.996158, 0.153, -0.208, -2.878, -0.02093, 0.88751, -0.26586, 0.37578, 0.57621, -0.45618, 0.67815, -0.48764, -0.85776, -0.16266, 0.65589, -0.23697, -0.71670
1.998074, 0.151, -0.210, -2.920, 0.16299, 0.88638, -0.28192, 0.32908, 0.62445, -0.60705, 0.49148, -0.39250, -0.78791, -0.47449, 0.67528, 0.10339, -0.73028
1.999990, 0.146, -0.209, -2.914, 0.17991, 0.88277, -0.29033, 0.32259, 0.62329, -0.62865, 0.46508, -0.39651, -0.76669, -0.50495, 0.67401, 0.13032, -0.72714
2.001905, 0.147, -0.216, -3.029, 0.11651, 0.89510, -0.30694, 0.30167, 0.62957, -0.61978, 0.46853, -0.47919, -0.78443, -0.39376, 0.61157, 0.02339, -0.79084
2.003821, 0.140, -0.213, -2.992, 0.09141, 0.88746, -0.31173, 0.32691, 0.59190, -0.61307, 0.52325, -0.49354, -0.78893, -0.36607, 0.63724, -0.04157, -0.76954
