%YAML:1.0
---
R_CG: !!opencv-matrix
   rows: 3
   cols: 3
   dt: d
   data: [ 9.9895662069320679e-01, 4.3306984007358551e-02,
       1.4498378150165081e-02, -4.2358919978141785e-02,
       9.9728018045425415e-01, -6.0315359383821487e-02,
       -1.7071021720767021e-02, 5.9638287872076035e-02,
       9.9807405471801758e-01 ]
T_CG: !!opencv-matrix
   rows: 3
   cols: 1
   dt: d
   data: [ 4.9133017659187317e-01, 5.2154816687107086e-02,
       -4.0117883682250977e+00 ]
cam_exposure_us: 8.9519103376660564e+02
cam_gain: 0.5039145304575605e+01
