%YAML:1.0
---
R_CG: !!opencv-matrix
   rows: 3
   cols: 3
   dt: d
   data: [ 9.9958014488220215e-01, 2.3335885256528854e-02,
       1.7174791544675827e-02, -2.2201612591743469e-02,
       9.9773436784744263e-01, -6.3507311046123505e-02,
       -1.8617879599332809e-02, 6.3099332153797150e-02,
       9.9783354997634888e-01 ]
T_CG: !!opencv-matrix
   rows: 3
   cols: 1
   dt: d
   data: [ 4.9523726105690002e-01, 4.4777885079383850e-02,
       -4.0068292617797852e+00 ]
cam_exposure_us: 8.9519103376660564e+02
cam_gain: 1.1800755480155591e+01
