%YAML:1.0
---
R_CG: !!opencv-matrix
   rows: 3
   cols: 3
   dt: d
   data: [ 9.9903732538223267e-01, 2.1376313641667366e-02,
       3.8308333605527878e-02, -1.9870983436703682e-02,
       9.9903166294097900e-01, -3.9254110306501389e-02,
       -3.9110343903303146e-02, 3.8455095142126083e-02,
       9.9849468469619751e-01 ]
T_CG: !!opencv-matrix
   rows: 3
   cols: 1
   dt: d
   data: [ 4.8710432648658752e-01, 4.3338514864444733e-02,
       -4.0054016113281250e+00 ]
cam_exposure_us: 8.9519103376660564e+02
cam_gain: 9.1200945706713412e+00
