%YAML:1.0
---
R_CG: !!opencv-matrix
   rows: 3
   cols: 3
   dt: d
   data: [ 9.9926173686981201e-01, 2.1053083240985870e-02,
       3.2136950641870499e-02, -1.9717399030923843e-02,
       9.9895107746124268e-01, -4.1328094899654388e-02,
       -3.2973323017358780e-02, 4.0663927793502808e-02,
       9.9862867593765259e-01 ]
T_CG: !!opencv-matrix
   rows: 3
   cols: 1
   dt: d
   data: [ 4.8703229427337646e-01, 4.3292924761772156e-02,
       -4.0055007934570312e+00 ]
cam_exposure_us: 4.4759551688330282e+02
cam_gain: 6.7865256085876799e+00
