%YAML:1.0
---
R_CG: !!opencv-matrix
   rows: 3
   cols: 3
   dt: d
   data: [ 9.9895948171615601e-01, 4.3342817574739456e-02,
       1.4187925495207310e-02, -4.2417947202920914e-02,
       9.9729466438293457e-01, -6.0033556073904037e-02,
       -1.6751566901803017e-02, 5.9369269758462906e-02,
       9.9809551239013672e-01 ]
T_CG: !!opencv-matrix
   rows: 3
   cols: 1
   dt: d
   data: [ 4.9134111404418945e-01, 5.2153181284666061e-02,
       -4.0117564201354980e+00 ]
cam_exposure_us: 8.9519103376660564e+02
cam_gain: 1.0437814719195277e+01
