%YAML:1.0
---
R_CG: !!opencv-matrix
   rows: 3
   cols: 3
   dt: d
   data: [ 9.9906343221664429e-01, 2.4465300142765045e-02,
       3.5688374191522598e-02, -2.2748809307813644e-02,
       9.9860095977783203e-01, -4.7734521329402924e-02,
       -3.6806281656026840e-02, 4.6877950429916382e-02,
       9.9822229146957397e-01 ]
T_CG: !!opencv-matrix
   rows: 3
   cols: 1
   dt: d
   data: [ 4.9125626683235168e-01, 4.6517938375473022e-02,
       -4.0045533180236816e+00 ]
cam_exposure_us: 4.4759551688330282e+02
cam_gain: 1.5182178996760637e+01
