%YAML:1.0
---
R_CG: !!opencv-matrix
   rows: 3
   cols: 3
   dt: d
   data: [ 9.3691158294677734e-01, -1.4717010781168938e-02,
       -3.4925648570060730e-01, 5.9765907935798168e-03,
       9.9964171648025513e-01, -2.6090286672115326e-02,
       3.4951534867286682e-01, 2.2356927394866943e-02,
       9.3666386604309082e-01 ]
T_CG: !!opencv-matrix
   rows: 3
   cols: 1
   dt: d
   data: [ 8.7195003032684326e-01, 4.0322575718164444e-02,
       -3.7245688438415527e+00 ]
cam_exposure_us: 4.4759551688330282e+02
cam_gain: 1.0908690339221565e+01
