%YAML:1.0
---
R_CG: !!opencv-matrix
   rows: 3
   cols: 3
   dt: d
   data: [ 9.3897306919097900e-01, -1.9949576817452908e-03,
       -3.4398484230041504e-01, 2.8068036772310734e-03,
       9.9999433755874634e-01, 1.8621947383508086e-03,
       3.4397917985916138e-01, -2.7140486054122448e-03,
       9.3897336721420288e-01 ]
T_CG: !!opencv-matrix
   rows: 3
   cols: 1
   dt: d
   data: [ 9.7348046302795410e-01, 4.6651136130094528e-02,
       -3.7045333385467529e+00 ]
cam_exposure_us: 4.4759551688330282e+02
cam_gain: 1.4377850533295650e+01
