t_ms, x_m, y_m, z_m, qw, qx, qy, qz, R00, R01, R02, R10, R11, R12, R20, R21, R22
0.890803, -0.722, 0.155, -0.907, 0.12503, 0.66567, 0.72166, -0.14304, -0.08251, 0.99654, -0.00998, 0.92500, 0.07285, -0.37291, -0.37090, -0.04000, -0.92781
0.892719, -0.739, 0.160, -0.937, 0.07084, 0.71143, 0.69215, -0.09892, 0.02230, 0.99884, -0.04268, 0.97081, -0.03183, -0.23773, -0.23881, -0.03614, -0.97039
0.894635, -0.728, 0.159, -0.932, 0.05342, 0.74078, 0.66618, -0.06784, 0.10322, 0.99423, -0.02934, 0.97973, -0.10672, -0.16952, -0.17167, -0.01124, -0.98509
0.896550, -0.696, 0.154, -0.899, 0.07569, 0.76345, 0.64094, -0.02470, 0.17717, 0.98239, 0.05930, 0.97491, -0.16694, -0.14723, -0.13473, 0.08390, -0.98732
0.898466, -0.693, 0.155, -0.904, 0.05837, 0.78323, 0.61874, -0.01753, 0.23372, 0.97127, 0.04477, 0.96718, -0.22752, -0.11312, -0.09968, 0.06974, -0.99257
0.900382, -0.668, 0.152, -0.880, 0.07604, 0.79955, 0.59574, 0.00557, 0.29012, 0.95180, 0.09951, 0.95350, -0.27862, -0.11495, -0.08168, 0.12823, -0.98837
0.902297, -0.642, 0.148, -0.855, 0.06930, 0.82203, 0.56316, 0.04812, 0.36107, 0.91920, 0.15717, 0.93254, -0.35610, -0.05973, 0.00106, 0.16814, -0.98576
0.904213, -0.635, 0.149, -0.856, 0.09153, 0.82923, 0.55021, 0.03554, 0.39201, 0.90600, 0.15966, 0.91901, -0.37778, -0.11268, -0.04178, 0.19090, -0.98072
0.906129, -0.618, 0.147, -0.842, 0.11807, 0.83638, 0.53410, 0.03546, 0.42695, 0.88505, 0.18544, 0.90180, -0.40159, -0.15963, -0.06681, 0.23538, -0.96960
0.908044, -0.591, 0.143, -0.815, 0.15025, 0.84338, 0.51360, 0.04854, 0.46772, 0.85173, 0.23621, 0.88090, -0.42729, -0.20357, -0.07245, 0.30329, -0.95014
0.909960, -0.587, 0.144, -0.820, 0.16103, 0.85067, 0.49885, 0.03974, 0.49915, 0.83591, 0.22827, 0.86151, -0.45044, -0.23432, -0.09305, 0.31362, -0.94498
0.911876, -0.559, 0.140, -0.792, 0.20121, 0.85166, 0.48217, 0.04117, 0.53163, 0.80473, 0.26416, 0.83786, -0.45405, -0.30302, -0.12390, 0.38243, -0.91564
0.913792, -0.549, 0.140, -0.788, 0.21735, 0.85738, 0.46491, 0.03908, 0.56467, 0.78021, 0.26911, 0.81419, -0.47324, -0.33635, -0.13507, 0.40903, -0.90247
0.915707, -0.530, 0.138, -0.772, 0.23784, 0.86300, 0.44352, 0.04431, 0.60266, 0.74443, 0.28745, 0.78658, -0.49345, -0.37121, -0.13450, 0.44981, -0.88294
0.917623, -0.522, 0.138, -0.772, 0.24811, 0.87050, 0.42270, 0.04462, 0.63867, 0.71378, 0.28743, 0.75806, -0.51953, -0.39425, -0.13207, 0.46969, -0.87290
0.919539, -0.513, 0.138, -0.769, 0.25912, 0.87738, 0.40108, 0.04690, 0.67387, 0.67949, 0.29016, 0.72810, -0.54398, -0.41708, -0.12556, 0.49232, -0.86131
0.921454, -0.500, 0.138, -0.762, 0.28655, 0.87435, 0.39090, 0.02458, 0.69319, 0.66947, 0.26701, 0.69765, -0.53018, -0.48187, -0.18103, 0.52031, -0.83457
0.923370, -0.498, 0.140, -0.771, 0.28410, 0.88729, 0.36151, 0.03638, 0.73598, 0.62084, 0.26997, 0.66219, -0.57720, -0.47786, -0.14085, 0.53047, -0.83592
0.925286, -0.474, 0.136, -0.746, 0.30807, 0.88731, 0.34026, 0.04468, 0.76446, 0.57630, 0.28893, 0.63136, -0.57864, -0.51630, -0.13035, 0.57711, -0.80620
0.927201, -0.502, 0.146, -0.805, 0.27751, 0.90830, 0.31128, 0.03299, 0.80403, 0.54716, 0.23270, 0.58378, -0.65218, -0.48359, -0.11284, 0.52466, -0.84380
0.929117, -0.486, 0.145, -0.793, 0.30964, 0.90233, 0.29989, 0.00116, 0.82013, 0.54047, 0.18781, 0.54191, -0.62838, -0.55809, -0.18361, 0.55949, -0.80825
0.931033, -0.461, 0.141, -0.766, 0.31261, 0.91152, 0.26061, 0.05899, 0.85720, 0.43822, 0.27049, 0.51199, -0.66871, -0.53915, -0.05539, 0.60065, -0.79759
0.932948, -0.434, 0.135, -0.735, 0.33297, 0.91003, 0.23493, 0.07602, 0.87806, 0.37697, 0.29480, 0.47821, -0.66788, -0.57031, -0.01809, 0.64174, -0.76671
0.934864, -0.426, 0.136, -0.735, 0.34118, 0.91302, 0.21127, 0.07317, 0.90002, 0.33586, 0.27777, 0.43571, -0.67792, -0.59209, -0.01055, 0.65393, -0.75648
0.936780, -0.420, 0.137, -0.739, 0.33969, 0.91943, 0.17982, 0.08320, 0.92149, 0.27414, 0.27516, 0.38718, -0.70455, -0.59472, 0.03083, 0.65456, -0.75538
0.938696, -0.410, 0.137, -0.735, 0.35788, 0.91662, 0.16498, 0.06712, 0.93655, 0.25442, 0.24113, 0.35050, -0.68940, -0.63394, 0.00495, 0.67823, -0.73483
0.940611, -0.401, 0.137, -0.735, 0.35634, 0.92132, 0.13331, 0.08016, 0.95160, 0.18852, 0.24271, 0.30278, -0.71050, -0.63523, 0.05269, 0.67797, -0.73320
0.942527, -0.389, 0.136, -0.728, 0.36955, 0.91941, 0.11215, 0.07442, 0.96377, 0.15121, 0.21973, 0.26122, -0.70171, -0.66285, 0.05396, 0.69623, -0.71578
0.944443, -0.375, 0.135, -0.718, 0.37216, 0.92055, 0.08236, 0.08546, 0.97182, 0.08802, 0.21865, 0.21525, -0.70942, -0.67111, 0.09604, 0.69926, -0.70838
0.946358, -0.366, 0.135, -0.716, 0.37728, 0.92049, 0.05621, 0.08486, 0.97928, 0.03944, 0.19864, 0.16751, -0.70901, -0.68502, 0.11382, 0.70410, -0.70092
0.948274, -0.356, 0.134, -0.713, 0.37828, 0.92082, 0.02738, 0.09078, 0.98202, -0.01826, 0.18789, 0.11910, -0.71231, -0.69169, 0.14646, 0.70163, -0.69733
0.950190, -0.345, 0.134, -0.708, 0.38573, 0.91856, 0.00494, 0.08623, 0.98508, -0.05745, 0.16223, 0.07559, -0.70238, -0.70778, 0.15461, 0.70948, -0.68756
0.955937, -0.307, 0.130, -0.682, 0.39688, 0.90958, -0.07568, 0.09710, 0.96969, -0.21476, 0.11657, -0.06061, -0.67352, -0.73668, 0.23672, 0.70728, -0.66612
0.963600, -0.272, 0.131, -0.679, 0.39852, 0.89468, -0.18194, 0.08736, 0.91853, -0.39519, 0.01129, -0.25594, -0.61615, -0.74488, 0.30133, 0.68131, -0.66710
0.965515, -0.267, 0.132, -0.687, 0.38224, 0.89271, -0.21673, 0.09997, 0.88606, -0.46338, 0.01280, -0.31053, -0.61384, -0.72579, 0.34418, 0.63912, -0.68780
0.967431, -0.258, 0.132, -0.687, 0.37972, 0.88721, -0.24282, 0.09854, 0.86265, -0.50571, -0.00955, -0.35603, -0.59370, -0.72164, 0.35927, 0.62592, -0.69221
0.969347, -0.245, 0.131, -0.677, 0.38183, 0.87940, -0.26642, 0.09942, 0.83827, -0.54451, -0.02859, -0.39265, -0.56645, -0.72454, 0.37832, 0.61859, -0.68864
0.971262, -0.239, 0.132, -0.684, 0.37523, 0.87342, -0.29534, 0.09547, 0.80732, -0.58755, -0.05486, -0.44426, -0.54396, -0.71186, 0.38841, 0.59907, -0.70018
0.973178, -0.228, 0.131, -0.678, 0.37166, 0.86512, -0.32105, 0.10176, 0.77314, -0.63114, -0.06257, -0.47985, -0.51758, -0.70841, 0.41472, 0.57773, -0.70302
0.975094, -0.220, 0.132, -0.680, 0.36369, 0.85762, -0.34838, 0.10420, 0.73555, -0.67335, -0.07467, -0.52176, -0.49272, -0.69641, 0.43213, 0.55121, -0.71375
0.977009, -0.214, 0.133, -0.688, 0.35444, 0.85013, -0.37646, 0.09966, 0.69669, -0.71072, -0.09742, -0.56944, -0.46530, -0.67767, 0.43631, 0.52760, -0.72889
0.978925, -0.203, 0.132, -0.684, 0.35349, 0.84013, -0.39961, 0.09770, 0.66153, -0.74052, -0.11835, -0.60237, -0.43071, -0.67204, 0.44668, 0.51586, -0.73100
0.980841, -0.196, 0.134, -0.690, 0.34234, 0.83153, -0.42660, 0.09687, 0.61726, -0.77578, -0.13097, -0.64313, -0.40164, -0.65198, 0.45318, 0.48667, -0.74684
0.982756, -0.187, 0.134, -0.690, 0.33435, 0.82105, -0.45152, 0.10108, 0.57183, -0.80903, -0.13594, -0.67385, -0.36869, -0.64031, 0.46791, 0.45775, -0.75599
0.984672, -0.176, 0.133, -0.685, 0.32935, 0.80894, -0.47487, 0.10793, 0.52570, -0.83937, -0.13817, -0.69718, -0.33206, -0.63535, 0.48742, 0.43033, -0.75976
0.986588, -0.168, 0.133, -0.689, 0.31765, 0.79784, -0.50064, 0.10911, 0.47490, -0.86818, -0.14395, -0.72955, -0.29691, -0.61612, 0.49216, 0.39762, -0.77439
0.988504, -0.160, 0.134, -0.694, 0.30735, 0.78647, -0.52475, 0.10783, 0.42601, -0.89170, -0.15295, -0.75912, -0.26033, -0.59662, 0.49219, 0.37028, -0.78781
0.990419, -0.149, 0.133, -0.686, 0.31013, 0.77187, -0.54399, 0.11004, 0.38392, -0.90804, -0.16754, -0.77152, -0.21578, -0.59849, 0.50730, 0.35904, -0.78342
0.992335, -0.140, 0.133, -0.689, 0.29651, 0.75879, -0.56800, 0.11702, 0.32736, -0.93138, -0.15924, -0.79260, -0.17892, -0.58291, 0.51442, 0.31704, -0.79678
0.994251, -0.130, 0.133, -0.688, 0.28491, 0.74436, -0.59034, 0.12748, 0.27050, -0.95149, -0.14660, -0.80621, -0.14066, -0.57467, 0.52617, 0.27364, -0.80515
0.996166, -0.121, 0.133, -0.692, 0.27393, 0.73012, -0.61294, 0.12725, 0.21621, -0.96476, -0.14999, -0.82533, -0.09853, -0.55599, 0.52161, 0.24400, -0.81755
0.998082, -0.114, 0.136, -0.707, 0.24760, 0.71795, -0.63984, 0.11770, 0.15351, -0.97703, -0.14784, -0.86046, -0.05861, -0.50614, 0.48585, 0.20490, -0.84969
0.999998, -0.104, 0.134, -0.701, 0.24067, 0.70021, -0.65874, 0.13356, 0.09644, -0.98681, -0.13004, -0.85823, -0.01628, -0.51300, 0.50412, 0.16108, -0.84848
1.001913, -0.093, 0.133, -0.697, 0.22449, 0.68257, -0.67815, 0.15434, 0.03258, -0.99506, -0.09377, -0.85647, 0.02056, -0.51579, 0.51517, 0.09712, -0.85157
1.003829, -0.084, 0.134, -0.703, -0.21249, -0.66589, 0.70010, -0.14591, -0.02286, -0.99440, -0.10320, -0.87038, 0.07059, -0.48730, 0.49186, 0.07868, -0.86711
1.005745, -0.075, 0.134, -0.702, -0.20361, -0.64707, 0.71834, -0.15436, -0.07969, -0.99249, -0.09277, -0.86678, 0.11495, -0.48527, 0.49229, 0.04174, -0.86943
1.007661, -0.065, 0.135, -0.710, -0.18134, -0.63071, 0.73903, -0.15213, -0.13863, -0.98741, -0.07614, -0.87706, 0.15811, -0.45361, 0.45994, 0.00389, -0.88794
1.009576, -0.055, 0.133, -0.704, -0.17879, -0.61039, 0.75383, -0.16493, -0.19092, -0.97923, -0.06821, -0.86129, 0.20045, -0.46691, 0.47089, -0.03039, -0.88167
1.011492, -0.045, 0.133, -0.703, -0.16717, -0.59078, 0.77063, -0.17076, -0.24607, -0.96764, -0.05590, -0.85346, 0.24365, -0.46071, 0.45942, -0.06565, -0.88579
1.013408, -0.035, 0.133, -0.705, -0.15002, -0.57022, 0.78775, -0.17832, -0.30468, -0.95188, -0.03299, -0.84487, 0.28610, -0.45203, 0.43972, -0.10985, -0.89139
1.015323, -0.026, 0.133, -0.707, -0.12910, -0.54920, 0.80386, -0.18844, -0.36341, -0.93163, -0.00058, -0.83432, 0.32573, -0.44476, 0.41454, -0.16115, -0.89565
1.017239, -0.016, 0.132, -0.704, -0.12062, -0.52717, 0.81759, -0.19770, -0.41508, -0.90971, 0.01120, -0.81433, 0.36602, -0.45045, 0.40568, -0.19610, -0.89273
1.019155, -0.006, 0.132, -0.705, -0.09429, -0.50395, 0.83219, -0.21120, -0.47430, -0.87859, 0.05594, -0.79893, 0.40287, -0.44655, 0.36980, -0.25649, -0.89301
1.021070, 0.004, 0.131, -0.702, -0.09699, -0.48198, 0.84325, -0.21729, -0.51657, -0.85501, 0.04589, -0.77071, 0.44095, -0.45996, 0.37303, -0.27297, -0.88675
1.022986, 0.014, 0.130, -0.699, -0.08481, -0.45851, 0.85429, -0.22973, -0.56516, -0.82236, 0.06577, -0.74443, 0.47399, -0.47027, 0.35556, -0.31473, -0.88007
1.024902, 0.024, 0.129, -0.700, -0.07208, -0.43493, 0.86588, -0.23641, -0.61128, -0.78728, 0.08082, -0.71912, 0.50989, -0.47210, 0.33047, -0.34671, -0.87783
1.026817, 0.033, 0.128, -0.697, -0.05190, -0.40932, 0.87552, -0.25145, -0.65952, -0.74284, 0.11497, -0.69064, 0.53845, -0.48279, 0.29674, -0.39781, -0.86815
1.028733, 0.043, 0.127, -0.693, -0.05536, -0.38579, 0.88317, -0.26098, -0.69620, -0.71033, 0.10357, -0.65254, 0.56611, -0.50369, 0.29916, -0.41826, -0.85765
1.030649, 0.053, 0.127, -0.695, -0.04367, -0.36108, 0.89279, -0.26577, -0.73543, -0.66795, 0.11396, -0.62153, 0.59798, -0.50609, 0.26990, -0.44302, -0.85492
1.032565, 0.062, 0.126, -0.694, -0.04014, -0.33658, 0.90030, -0.27306, -0.77021, -0.62796, 0.11153, -0.58412, 0.62431, -0.51869, 0.25609, -0.46465, -0.84765
1.034480, 0.072, 0.126, -0.696, -0.02246, -0.31068, 0.90788, -0.28059, -0.80595, -0.57672, 0.13357, -0.55152, 0.64950, -0.52344, 0.21512, -0.49553, -0.84153
1.036396, 0.081, 0.125, -0.690, -0.01992, -0.28454, 0.91229, -0.29390, -0.83729, -0.53087, 0.13090, -0.50744, 0.66532, -0.54758, 0.20360, -0.52491, -0.82645
1.038312, 0.091, 0.125, -0.697, -0.01127, -0.26003, 0.92033, -0.29197, -0.86452, -0.48520, 0.13110, -0.47204, 0.69428, -0.54328, 0.17259, -0.53156, -0.82925
1.040227, 0.100, 0.124, -0.691, -0.00871, -0.23307, 0.92297, -0.30615, -0.89120, -0.43557, 0.12664, -0.42491, 0.70390, -0.56918, 0.15878, -0.56107, -0.81240
1.042143, 0.110, 0.124, -0.693, 0.00529, -0.20584, 0.92723, -0.31279, -0.91520, -0.37842, 0.13858, -0.38504, 0.71958, -0.57789, 0.11897, -0.58224, -0.80427
1.044059, 0.119, 0.123, -0.696, 0.01090, -0.18047, 0.93168, -0.31510, -0.93463, -0.32940, 0.13405, -0.34315, 0.73629, -0.58321, 0.09341, -0.59108, -0.80119
1.045974, 0.129, 0.123, -0.698, 0.01680, -0.15425, 0.93460, -0.32006, -0.95185, -0.27758, 0.13014, -0.29909, 0.74753, -0.59308, 0.06734, -0.60345, -0.79455
1.047890, 0.138, 0.122, -0.697, 0.02412, -0.12699, 0.93547, -0.32891, -0.96659, -0.22172, 0.12865, -0.25345, 0.75139, -0.60924, 0.03841, -0.62149, -0.78248
1.049806, 0.148, 0.122, -0.699, 0.03624, -0.09906, 0.93636, -0.33483, -0.97775, -0.16123, 0.13420, -0.20977, 0.75615, -0.61986, -0.00154, -0.63422, -0.77315
1.051721, 0.158, 0.122, -0.703, 0.04584, -0.07212, 0.93777, -0.33658, -0.98540, -0.10440, 0.13453, -0.16612, 0.76302, -0.62466, -0.03743, -0.63789, -0.76922
1.053637, 0.166, 0.121, -0.699, 0.04389, -0.04532, 0.93615, -0.34591, -0.99204, -0.05448, 0.11352, -0.11521, 0.75659, -0.64366, -0.05082, -0.65161, -0.75685
1.055553, 0.175, 0.120, -0.698, 0.04302, -0.01803, 0.93461, -0.35261, -0.99565, -0.00337, 0.09313, -0.06405, 0.75068, -0.65755, -0.06770, -0.66066, -0.74763
1.057469, 0.186, 0.120, -0.704, 0.02642, 0.00437, 0.93754, -0.34684, -0.99857, 0.02651, 0.04652, -0.01014, 0.75937, -0.65058, -0.05258, -0.65012, -0.75801
1.059384, 0.194, 0.119, -0.704, 0.03566, 0.03252, 0.93462, -0.35236, -0.99534, 0.08592, 0.04375, 0.03565, 0.74957, -0.66097, -0.08958, -0.65633, -0.74914
1.061300, 0.205, 0.120, -0.711, 0.04591, 0.06103, 0.93294, -0.35183, -0.98833, 0.14619, 0.04272, 0.08158, 0.74498, -0.66207, -0.12861, -0.65087, -0.74822
1.063216, 0.215, 0.120, -0.716, 0.06283, 0.09029, 0.92932, -0.35250, -0.97580, 0.21211, 0.05313, 0.12352, 0.73518, -0.66652, -0.18043, -0.64383, -0.74359
1.065131, 0.227, 0.121, -0.725, 0.05320, 0.11381, 0.92990, -0.34568, -0.96843, 0.24845, 0.02025, 0.17489, 0.73510, -0.65501, -0.17763, -0.63079, -0.75535
1.067047, 0.236, 0.120, -0.726, 0.07560, 0.14479, 0.92252, -0.34969, -0.94664, 0.32001, 0.03822, 0.21427, 0.71350, -0.66709, -0.24075, -0.62331, -0.74400
1.068963, 0.241, 0.117, -0.713, 0.06931, 0.17230, 0.91220, -0.36524, -0.93102, 0.36497, 0.00059, 0.26371, 0.67383, -0.69023, -0.25231, -0.64246, -0.72359
1.070878, 0.253, 0.118, -0.724, 0.09304, 0.20238, 0.90751, -0.35610, -0.90077, 0.43359, 0.02474, 0.30106, 0.66447, -0.68399, -0.31301, -0.60867, -0.72907
1.072794, 0.261, 0.117, -0.720, 0.08033, 0.22741, 0.90038, -0.36214, -0.88366, 0.46769, -0.02006, 0.35133, 0.63428, -0.68867, -0.30936, -0.61560, -0.72480
1.074710, 0.271, 0.117, -0.727, 0.08618, 0.25370, 0.89467, -0.35745, -0.85642, 0.51557, -0.02717, 0.39235, 0.61573, -0.68333, -0.33557, -0.59588, -0.72960
1.076625, 0.282, 0.117, -0.732, 0.08530, 0.28049, 0.88816, -0.35387, -0.82810, 0.55861, -0.04700, 0.43787, 0.59220, -0.67644, -0.35003, -0.58074, -0.73499
1.078541, 0.289, 0.116, -0.729, 0.09059, 0.30815, 0.87748, -0.35617, -0.79367, 0.60533, -0.06052, 0.47627, 0.55637, -0.68090, -0.37850, -0.56923, -0.72988
1.080457, 0.296, 0.115, -0.725, 0.09080, 0.33540, 0.86593, -0.35977, -0.75852, 0.64620, -0.08408, 0.51553, 0.51615, -0.68397, -0.39858, -0.56215, -0.72465
1.082373, 0.308, 0.115, -0.734, 0.09820, 0.36186, 0.85772, -0.35177, -0.71883, 0.68983, -0.08612, 0.55165, 0.49064, -0.67450, -0.42304, -0.53236, -0.73323
1.084288, 0.321, 0.116, -0.746, 0.08911, 0.38360, 0.85335, -0.34162, -0.68982, 0.71558, -0.11000, 0.59381, 0.47229, -0.65140, -0.41418, -0.51467, -0.75072
1.086204, 0.329, 0.115, -0.745, 0.08312, 0.40962, 0.84230, -0.34035, -0.65061, 0.74662, -0.13880, 0.63346, 0.43276, -0.64144, -0.41885, -0.50525, -0.75451
1.088120, 0.334, 0.113, -0.736, 0.08243, 0.43431, 0.82811, -0.34469, -0.60917, 0.77613, -0.16289, 0.66249, 0.38514, -0.64248, -0.43592, -0.49929, -0.74879
1.090035, 0.345, 0.113, -0.743, 0.08022, 0.45889, 0.81823, -0.33688, -0.56598, 0.80499, -0.17791, 0.69690, 0.35187, -0.62492, -0.44045, -0.47768, -0.76015
1.091951, 0.355, 0.113, -0.747, 0.08096, 0.48251, 0.80706, -0.33058, -0.52125, 0.83236, -0.18834, 0.72531, 0.31579, -0.61172, -0.44970, -0.45547, -0.76832
1.093867, 0.367, 0.114, -0.756, 0.09558, 0.50876, 0.79353, -0.31990, -0.46406, 0.86858, -0.17381, 0.74628, 0.27766, -0.60495, -0.47719, -0.41045, -0.77706
1.095782, 0.377, 0.113, -0.758, 0.08683, 0.52973, 0.78304, -0.31414, -0.42369, 0.88416, -0.19684, 0.77505, 0.24139, -0.58397, -0.46881, -0.39998, -0.78755
1.097698, 0.389, 0.113, -0.768, 0.08836, 0.55243, 0.77147, -0.30306, -0.37403, 0.90592, -0.19850, 0.79881, 0.20596, -0.56523, -0.47117, -0.36998, -0.80070
1.099614, 0.395, 0.112, -0.764, 0.09340, 0.57617, 0.75420, -0.30081, -0.31861, 0.92528, -0.20575, 0.81291, 0.15509, -0.56137, -0.48751, -0.34612, -0.80158
1.101529, 0.409, 0.113, -0.775, 0.08565, 0.59644, 0.74536, -0.28524, -0.27386, 0.93798, -0.21258, 0.84026, 0.12581, -0.52738, -0.46793, -0.32305, -0.82260
1.103445, 0.432, 0.116, -0.803, 0.08333, 0.61741, 0.73927, -0.25563, -0.22373, 0.95546, -0.19245, 0.87026, 0.10692, -0.48086, -0.43886, -0.27506, -0.85542
1.105361, 0.434, 0.114, -0.792, 0.09373, 0.63982, 0.71751, -0.25889, -0.16370, 0.96669, -0.19677, 0.86962, 0.04723, -0.49146, -0.46579, -0.25157, -0.84838
1.107277, 0.442, 0.113, -0.792, 0.10835, 0.66209, 0.69704, -0.25305, -0.09980, 0.97784, -0.18403, 0.86816, -0.00479, -0.49626, -0.48614, -0.20930, -0.84845
1.109192, 0.453, 0.112, -0.797, 0.07273, 0.67680, 0.69284, -0.23795, -0.07330, 0.97245, -0.22131, 0.90322, -0.02935, -0.42817, -0.42286, -0.23127, -0.87618
1.111108, 0.474, 0.115, -0.822, 0.11551, 0.70314, 0.66957, -0.20959, 0.01550, 0.99002, -0.14005, 0.89318, -0.07667, -0.44311, -0.44943, -0.11822, -0.88546
1.113024, 0.497, 0.118, -0.846, 0.09392, 0.71912, 0.66643, -0.17296, 0.05192, 0.99098, -0.12358, 0.92600, -0.09411, -0.36562, -0.37395, -0.09545, -0.92253
1.114939, 0.501, 0.116, -0.840, 0.10983, 0.73920, 0.64159, -0.17286, 0.11696, 0.98650, -0.11463, 0.91056, -0.15260, -0.38418, -0.39649, -0.05944, -0.91611
1.116855, 0.502, 0.114, -0.830, 0.11873, 0.75819, 0.61701, -0.17420, 0.17790, 0.97699, -0.11763, 0.89426, -0.21040, -0.39501, -0.41067, -0.03492, -0.91111
1.118771, 0.521, 0.116, -0.848, 0.13704, 0.77538, 0.59969, -0.14275, 0.23999, 0.96910, -0.05701, 0.89085, -0.24318, -0.38374, -0.38574, 0.04131, -0.92168
1.120686, 0.530, 0.115, -0.849, 0.14451, 0.79245, 0.57704, -0.13480, 0.29771, 0.95350, -0.04687, 0.87559, -0.29229, -0.38460, -0.38042, 0.07346, -0.92189
1.122602, 0.535, 0.114, -0.845, 0.15681, 0.80883, 0.55210, -0.12800, 0.35760, 0.93326, -0.03391, 0.85298, -0.34119, -0.39500, -0.38020, 0.11233, -0.91806
1.124518, 0.569, 0.119, -0.888, 0.14175, 0.82281, 0.54679, -0.06258, 0.39421, 0.91754, 0.05203, 0.88206, -0.36186, -0.30169, -0.25799, 0.16483, -0.95198
1.126433, 0.570, 0.117, -0.876, 0.17049, 0.83816, 0.51379, -0.06667, 0.46314, 0.88401, 0.06343, 0.83854, -0.41390, -0.35430, -0.28695, 0.21729, -0.93298
1.128349, 0.568, 0.114, -0.862, 0.19625, 0.85092, 0.48204, -0.07106, 0.52517, 0.84826, 0.06826, 0.79248, -0.45824, -0.40249, -0.31013, 0.26547, -0.91288
1.130265, 0.588, 0.116, -0.881, 0.19099, 0.86380, 0.46456, -0.03960, 0.56524, 0.81769, 0.10904, 0.78743, -0.49542, -0.36675, -0.24587, 0.29316, -0.92391
1.132181, 0.568, 0.110, -0.840, 0.16228, 0.87390, 0.44805, -0.09600, 0.58008, 0.81425, -0.02238, 0.75194, -0.54584, -0.36966, -0.31321, 0.19760, -0.92890
1.134096, 0.597, 0.113, -0.872, 0.18539, 0.88605, 0.42274, -0.04282, 0.63891, 0.76502, 0.08087, 0.73327, -0.57383, -0.36474, -0.23263, 0.29233, -0.92759
1.136012, 0.584, 0.109, -0.843, 0.16426, 0.89507, 0.40644, -0.08166, 0.65627, 0.75442, -0.01265, 0.70077, -0.61564, -0.36043, -0.27970, 0.22767, -0.93270
1.137928, 0.597, 0.109, -0.850, 0.14276, 0.90450, 0.39535, -0.07215, 0.67698, 0.73579, -0.01764, 0.69459, -0.64663, -0.31530, -0.24340, 0.20120, -0.94883
1.139843, 0.591, 0.106, -0.833, 0.15107, 0.91288, 0.36864, -0.08908, 0.71234, 0.69996, -0.05126, 0.64613, -0.68256, -0.34150, -0.27402, 0.21015, -0.93848
1.141759, 0.600, 0.106, -0.836, 0.16821, 0.92133, 0.34096, -0.08126, 0.75429, 0.65561, -0.03504, 0.60094, -0.71091, -0.36536, -0.26444, 0.25453, -0.93021
1.143675, 0.607, 0.105, -0.836, 0.12055, 0.92897, 0.33939, -0.08546, 0.75502, 0.65117, -0.07696, 0.60996, -0.74057, -0.28198, -0.24061, 0.16596, -0.95633
1.145590, 0.624, 0.106, -0.851, 0.09627, 0.93724, 0.32829, -0.06736, 0.77538, 0.62834, -0.06305, 0.60240, -0.76592, -0.22469, -0.18948, 0.13624, -0.97239
1.147506, 0.620, 0.103, -0.837, 0.06054, 0.94179, 0.32092, -0.07984, 0.78128, 0.61414, -0.11153, 0.59480, -0.78670, -0.16528, -0.18924, 0.06279, -0.97992
1.149422, 0.632, 0.104, -0.845, 0.05546, 0.94925, 0.30055, -0.07422, 0.80832, 0.57884, -0.10756, 0.56237, -0.81318, -0.14990, -0.17424, 0.06068, -0.98283
1.151338, 0.643, 0.104, -0.851, 0.06769, 0.95599, 0.27613, -0.07250, 0.83700, 0.53776, -0.10123, 0.51813, -0.83835, -0.16945, -0.17599, 0.08938, -0.98033
1.153253, 0.665, 0.106, -0.872, 0.06264, 0.96363, 0.25365, -0.05619, 0.86501, 0.49589, -0.07652, 0.48181, -0.86347, -0.14924, -0.14008, 0.09222, -0.98584
1.155169, 0.685, 0.107, -0.890, 0.00813, 0.96752, 0.25097, -0.02931, 0.87231, 0.48612, -0.05264, 0.48516, -0.87389, -0.03045, -0.06081, 0.00102, -0.99815
1.157085, 0.716, 0.110, -0.923, 0.00095, 0.97288, 0.23130, 0.00137, 0.89300, 0.45005, 0.00310, 0.45005, -0.89300, -0.00121, 0.00223, 0.00248, -0.99999
1.159000, 0.732, 0.111, -0.936, -0.04289, 0.97397, 0.22113, 0.02554, 0.90090, 0.43293, 0.03077, 0.42855, -0.89853, 0.09484, 0.06871, -0.07225, -0.99502
1.160916, 0.743, 0.111, -0.942, 0.00547, 0.98317, 0.18259, 0.00121, 0.93332, 0.35902, 0.00437, 0.35905, -0.93326, -0.01031, 0.00038, 0.01119, -0.99994
1.162832, 0.771, 0.114, -0.971, -0.08383, 0.97752, 0.18321, 0.06211, 0.92515, 0.36859, 0.09071, 0.34777, -0.91881, 0.18665, 0.15214, -0.14113, -0.97823
1.164747, 0.808, 0.118, -1.010, 0.02592, 0.99108, 0.12376, 0.04220, 0.96581, 0.24312, 0.09006, 0.24750, -0.96802, -0.04094, 0.07722, 0.06183, -0.99509
1.166663, 0.895, 0.130, -1.111, 0.01257, 0.97113, 0.09110, 0.22013, 0.88649, 0.17140, 0.42983, 0.18247, -0.98309, 0.01569, 0.42525, 0.06452, -0.90277
1.168579, 0.896, 0.128, -1.105, 0.05375, 0.98715, 0.05395, 0.14049, 0.95471, 0.09141, 0.28316, 0.12161, -0.98840, -0.09097, 0.27156, 0.12128, -0.95475
1.170494, 0.943, 0.134, -1.155, 0.03391, 0.96652, 0.02795, 0.25278, 0.87064, 0.03688, 0.49054, 0.07117, -0.99614, -0.05143, 0.48675, 0.07968, -0.86990
1.176242, 0.890, 0.123, -1.069, 0.28695, 0.93448, -0.15731, 0.14019, 0.91120, -0.37446, 0.17173, -0.21355, -0.78583, -0.58041, 0.35229, 0.49220, -0.79601
1.178157, 0.855, 0.117, -1.021, 0.33004, 0.91509, -0.20477, 0.10840, 0.89264, -0.44632, 0.06323, -0.30322, -0.69829, -0.64842, 0.33355, 0.55963, -0.75865
1.180073, 0.827, 0.112, -0.981, 0.35473, 0.90041, -0.23780, 0.08294, 0.87314, -0.48708, -0.01935, -0.36939, -0.63523, -0.67825, 0.31807, 0.59936, -0.73457
1.181989, 0.710, 0.095, -0.837, 0.39151, 0.88020, -0.26826, 0.00019, 0.85607, -0.47240, -0.20971, -0.47210, -0.54951, -0.68932, 0.21040, 0.68911, -0.69344
1.183904, 0.699, 0.092, -0.818, 0.39829, 0.86711, -0.29912, -0.00206, 0.82104, -0.51711, -0.24184, -0.52039, -0.50378, -0.68949, 0.23471, 0.69195, -0.68272
1.185820, 0.683, 0.089, -0.795, 0.40020, 0.85760, -0.32279, -0.01340, 0.79126, -0.54291, -0.28135, -0.56437, -0.47130, -0.67776, 0.23537, 0.69507, -0.67933
1.842903, 0.900, 0.269, -2.256, 0.38183, 0.78396, -0.10807, 0.47742, 0.52079, -0.53403, 0.66603, 0.19514, -0.68505, -0.70187, 0.83108, 0.49549, -0.25255
1.850566, 0.943, 0.285, -2.386, 0.50020, 0.83918, -0.13254, 0.16737, 0.90884, -0.38988, 0.14832, -0.05500, -0.46446, -0.88388, 0.41350, 0.79515, -0.44357
1.940603, 0.624, 0.211, -1.810, 0.31327, -0.02362, 0.76632, -0.56041, -0.80260, 0.31492, 0.50661, -0.38733, 0.37076, -0.84410, -0.45365, -0.87371, -0.17560
1.944435, 0.672, 0.229, -1.963, 0.05928, -0.04778, 0.81628, -0.57261, -0.98841, -0.01011, 0.15150, -0.14589, 0.33967, -0.92916, -0.04207, -0.94049, -0.33720
1.950182, 0.839, 0.288, -2.481, 0.04263, -0.04383, 0.87332, -0.48329, -0.99252, -0.03535, 0.11683, -0.11776, 0.52901, -0.84040, -0.03210, -0.84788, -0.52922
1.952097, 0.378, 0.131, -1.124, -0.01994, -0.02030, 0.80003, -0.59929, -0.99838, -0.05639, -0.00758, -0.00858, 0.28088, -0.95970, 0.05624, -0.95809, -0.28091
1.955929, 0.803, 0.278, -2.408, 0.15250, 0.01196, 0.84942, -0.50506, -0.95320, 0.17436, 0.24699, -0.13372, 0.48954, -0.86167, -0.27115, -0.85437, -0.44331
1.957844, 0.545, 0.190, -1.642, 0.09951, 0.04095, 0.80386, -0.58500, -0.97684, 0.18227, 0.11207, -0.05059, 0.31220, -0.94867, -0.20790, -0.93237, -0.29575
1.959760, 0.450, 0.157, -1.361, -0.08662, 0.01340, 0.84002, -0.53543, -0.98463, -0.07026, -0.15988, 0.11527, 0.42627, -0.89722, 0.13119, -0.90186, -0.41162
1.961676, 0.674, 0.236, -2.049, 0.07966, 0.04078, 0.84389, -0.52899, -0.98398, 0.15310, 0.09131, -0.01546, 0.43701, -0.89932, -0.17759, -0.88633, -0.42764
1.963591, 0.650, 0.228, -1.988, 0.32099, 0.08590, 0.80058, -0.49866, -0.77917, 0.45767, 0.42829, -0.18259, 0.48792, -0.85358, -0.59963, -0.74329, -0.29661
1.965507, 0.509, 0.179, -1.567, 0.67081, 0.11278, 0.70461, -0.20204, -0.07459, 0.42999, 0.89975, -0.11213, 0.89292, -0.43602, -0.99089, -0.13341, -0.01839
1.967423, 0.684, 0.241, -2.106, -0.03568, 0.05985, 0.88640, -0.45764, -0.99029, 0.07345, -0.11803, 0.13876, 0.57396, -0.80704, 0.00847, -0.81558, -0.57858
1.971254, 0.626, 0.222, -1.945, 0.04291, 0.09778, 0.84476, -0.52439, -0.97720, 0.21020, -0.03006, 0.12020, 0.43091, -0.89435, -0.17504, -0.87757, -0.44635
1.973170, 0.684, 0.244, -2.138, 0.19234, 0.12358, 0.81976, -0.52509, -0.89547, 0.40461, 0.18557, 0.00062, 0.41802, -0.90844, -0.44513, -0.81336, -0.37457
1.975086, 0.660, 0.236, -2.073, 0.28093, 0.14743, 0.80455, -0.50204, -0.79868, 0.51931, 0.30401, -0.04485, 0.45243, -0.89067, -0.60008, -0.72500, -0.33806
1.977001, 0.508, 0.182, -1.605, 0.40797, 0.17068, 0.76038, -0.47566, -0.60885, 0.64767, 0.45806, -0.12856, 0.48924, -0.86262, -0.78280, -0.58410, -0.21461
1.978917, 0.516, 0.186, -1.641, 0.52123, 0.20095, 0.73480, -0.38472, -0.37588, 0.69638, 0.61137, -0.10573, 0.62322, -0.77487, -0.92062, -0.35590, -0.16062
1.980833, 0.546, 0.197, -1.743, 0.42002, 0.19572, 0.76002, -0.45568, -0.57055, 0.68029, 0.46008, -0.08528, 0.50810, -0.85706, -0.81682, -0.52824, -0.23188
1.984664, 0.740, 0.269, -2.389, 0.42534, 0.22302, 0.78743, -0.38639, -0.53869, 0.67992, 0.49751, 0.02253, 0.60193, -0.79823, -0.84220, -0.41879, -0.33957
1.986580, 0.652, 0.238, -2.114, 0.42164, 0.22404, 0.76859, -0.42579, -0.54405, 0.70345, 0.45735, -0.01468, 0.53701, -0.84345, -0.83892, -0.46559, -0.28184
1.988495, 0.802, 0.294, -2.614, -0.13907, 0.23952, 0.90909, -0.31121, -0.84658, 0.34893, -0.40194, 0.52205, 0.69156, -0.49921, 0.10378, -0.63245, -0.76762
2.091943, 0.684, 0.311, -3.153, -0.11823, 0.93890, -0.05786, -0.31804, 0.79101, -0.18385, -0.58353, -0.03344, -0.96535, 0.25882, -0.61089, -0.18522, -0.76974
2.099606, 0.415, 0.193, -1.967, 0.20195, 0.74561, -0.18891, 0.60630, 0.19342, -0.52658, 0.82783, -0.03682, -0.84706, -0.53021, 0.98043, 0.07208, -0.18323
2.109184, 0.460, 0.217, -2.248, 0.15476, 0.76207, -0.24707, 0.57815, 0.20940, -0.55552, 0.80471, -0.19762, -0.83001, -0.52156, 0.95765, -0.04982, -0.28358
2.116847, 0.380, 0.181, -1.912, -0.04957, 0.71960, -0.28357, 0.63191, 0.04055, -0.34546, 0.93756, -0.47075, -0.83427, -0.28704, 0.88133, -0.42972, -0.19646
2.118763, 0.506, 0.242, -2.562, 0.06884, 0.77982, -0.30551, 0.54204, 0.22571, -0.55110, 0.80333, -0.40186, -0.80385, -0.43855, 0.88745, -0.22384, -0.40290
2.120678, 0.490, 0.235, -2.498, 0.04366, 0.76822, -0.31475, 0.55576, 0.18414, -0.53212, 0.82640, -0.43506, -0.79806, -0.41693, 0.88137, -0.28276, -0.37846
2.128341, 0.495, 0.239, -2.581, -0.15900, 0.75955, -0.36250, 0.51614, 0.20439, -0.38654, 0.89934, -0.71479, -0.68664, -0.13267, 0.66880, -0.61573, -0.41663
2.130257, 0.521, 0.251, -2.734, -0.29437, 0.76814, -0.36348, 0.43724, 0.35340, -0.30099, 0.88573, -0.81584, -0.56245, 0.13438, 0.45774, -0.77010, -0.44433
2.132173, 0.400, 0.194, -2.116, -0.20385, 0.70310, -0.37257, 0.57034, 0.07181, -0.29138, 0.95391, -0.75644, -0.63927, -0.13833, 0.65011, -0.71164, -0.26632
2.141751, 0.413, 0.202, -2.256, -0.25966, 0.67277, -0.42972, 0.54341, 0.04009, -0.29600, 0.95435, -0.86041, -0.49583, -0.11764, 0.50802, -0.81641, -0.27456
2.157077, 0.478, 0.236, -2.747, -0.07697, 0.73680, -0.50203, -0.44628, 0.09761, -0.80849, -0.58035, -0.67109, -0.48409, 0.56152, -0.73493, 0.33466, -0.58982
2.160908, 0.494, 0.245, -2.879, -0.47257, 0.66904, -0.54153, -0.18923, 0.34187, -0.90346, 0.25862, -0.54577, 0.03316, 0.83728, -0.76503, -0.42738, -0.48174
2.162824, 0.449, 0.223, -2.639, -0.30990, 0.67788, -0.49702, -0.44431, 0.11113, -0.94922, -0.29432, -0.39845, -0.31387, 0.86181, -0.91043, 0.02150, -0.41310
2.164739, 0.545, 0.272, -3.226, -0.11328, 0.70254, -0.57983, -0.39673, 0.01280, -0.90460, -0.42608, -0.72483, -0.30193, 0.61925, -0.68881, 0.30091, -0.65954
2.166655, 0.382, 0.191, -2.278, 0.54913, -0.51488, 0.56362, -0.34011, 0.13330, -0.20686, 0.96925, -0.95393, 0.23844, 0.18209, -0.26877, -0.94887, -0.16555
2.168571, 0.449, 0.225, -2.699, 0.55167, -0.57373, 0.58934, 0.13845, 0.26702, -0.82901, 0.49138, -0.52349, 0.30333, 0.79621, -0.80911, -0.46983, -0.35298
2.170486, 0.680, 0.343, -4.109, 0.20902, -0.64060, 0.70471, -0.22210, -0.09190, -0.81003, 0.57914, -0.99572, 0.08062, -0.04524, -0.01004, -0.58082, -0.81397
2.241367, 0.212, 0.117, -1.784, 0.63531, 0.17927, 0.72908, -0.18077, -0.12848, 0.49110, 0.86158, 0.03173, 0.87037, -0.49138, -0.99120, -0.03580, -0.12740
2.245198, 0.279, 0.154, -2.384, 0.30930, 0.15686, 0.82902, -0.43870, -0.75946, 0.53146, 0.37519, -0.01129, 0.56588, -0.82441, -0.65046, -0.63034, -0.42376
2.247114, 0.269, 0.150, -2.334, 0.54127, 0.20638, 0.78242, -0.22860, -0.32887, 0.57042, 0.75264, 0.07549, 0.81030, -0.58113, -0.94135, -0.13430, -0.30955
2.252861, 0.229, 0.129, -2.048, 0.13896, 0.21655, 0.81525, -0.51881, -0.86759, 0.49727, 0.00187, 0.20890, 0.36789, -0.90610, -0.45127, -0.78573, -0.42306
2.254777, 0.278, 0.156, -2.524, 0.41990, 0.25780, 0.81734, -0.29864, -0.51445, 0.67221, 0.53242, 0.17061, 0.68871, -0.70468, -0.84037, -0.27169, -0.46900
2.256693, 0.293, 0.165, -2.692, 0.44962, 0.27697, 0.81801, -0.22800, -0.44226, 0.65816, 0.60928, 0.24811, 0.74260, -0.62208, -0.86188, -0.12395, -0.49172
2.258608, 0.231, 0.131, -2.148, 0.41381, 0.28350, 0.79148, -0.34921, -0.49677, 0.73779, 0.45704, 0.15975, 0.59535, -0.78742, -0.85305, -0.31815, -0.41362
2.260524, 0.288, 0.163, -2.715, 0.45160, 0.31025, 0.81171, -0.20231, -0.39959, 0.68640, 0.60760, 0.32094, 0.72563, -0.60866, -0.85868, -0.04821, -0.51025
2.264355, 0.364, 0.206, -3.508, 0.27544, 0.36953, 0.88388, 0.07957, -0.57517, 0.60941, 0.54572, 0.69707, 0.71424, -0.06290, -0.42811, 0.34422, -0.83560
2.266271, 0.293, 0.166, -2.857, 0.47914, 0.35767, 0.80105, -0.02858, -0.28499, 0.60041, 0.74719, 0.54564, 0.74251, -0.38854, -0.78808, 0.29696, -0.53921
2.268187, 0.298, 0.169, -2.942, 0.43206, 0.37535, 0.81388, -0.10014, -0.34487, 0.69752, 0.62812, 0.52444, 0.69817, -0.48736, -0.77848, 0.16134, -0.60658
2.270103, 0.251, 0.143, -2.517, 0.50639, 0.36877, 0.76392, -0.15493, -0.21516, 0.72033, 0.65941, 0.40652, 0.68001, -0.61019, -0.88795, 0.13677, -0.43914
2.272018, 0.320, 0.182, -3.242, 0.36554, 0.41188, 0.83306, 0.05242, -0.39347, 0.64792, 0.65221, 0.72456, 0.65522, -0.21378, -0.56585, 0.38845, -0.72727
2.275850, 0.325, 0.185, -3.368, 0.29654, 0.44561, 0.83975, 0.09118, -0.42699, 0.69433, 0.57931, 0.80249, 0.58623, -0.11114, -0.41677, 0.41743, -0.80750
2.277765, 0.284, 0.162, -2.985, 0.30855, 0.43228, 0.77852, 0.33442, -0.43586, 0.46671, 0.76955, 0.87945, 0.40259, 0.25394, -0.19130, 0.78746, -0.58592
2.279681, 0.254, 0.144, -2.698, 0.40924, 0.43112, 0.74223, 0.30944, -0.29331, 0.38671, 0.87431, 0.89325, 0.43676, 0.10648, -0.34069, 0.81221, -0.47354
2.281597, 0.277, 0.157, -2.980, 0.32765, 0.45365, 0.76637, 0.31547, -0.37369, 0.48861, 0.78843, 0.90206, 0.38936, 0.18625, -0.21598, 0.78081, -0.58625
2.283512, 0.314, 0.179, -3.423, 0.24560, 0.50042, 0.83016, -0.01003, -0.37852, 0.83578, 0.39773, 0.82593, 0.49896, -0.26245, -0.41780, 0.22916, -0.87916
2.285428, 0.262, 0.149, -2.889, 0.23546, 0.47009, 0.74915, 0.40292, -0.44714, 0.51460, 0.73161, 0.89408, 0.23334, 0.38232, 0.02603, 0.82507, -0.56443
2.287344, 0.215, 0.123, -2.403, 0.48932, 0.45719, 0.70295, 0.23960, -0.10309, 0.40827, 0.90702, 0.87724, 0.46714, -0.11057, -0.46885, 0.78428, -0.40631
2.289259, 0.294, 0.167, -3.317, 0.24655, 0.52127, 0.78471, 0.22741, -0.33498, 0.70596, 0.62403, 0.93023, 0.35313, 0.09986, -0.14986, 0.61395, -0.77499
2.291175, 0.191, 0.109, -2.186, 0.50457, 0.46389, 0.67619, 0.27014, -0.06043, 0.35475, 0.93301, 0.89997, 0.42365, -0.10279, -0.43174, 0.83347, -0.34486
2.293091, 0.239, 0.135, -2.765, -0.12947, 0.50025, 0.74347, 0.42456, -0.46598, 0.85377, 0.23226, 0.63390, 0.13900, 0.76082, 0.61728, 0.50175, -0.60598
2.295007, 0.242, 0.137, -2.834, 0.25797, 0.51316, 0.70464, 0.41664, -0.34022, 0.50823, 0.79117, 0.93816, 0.12615, 0.32240, 0.06405, 0.85193, -0.51972
2.296922, 0.236, 0.133, -2.796, 0.31980, 0.51547, 0.69198, 0.39138, -0.26403, 0.46307, 0.84608, 0.96372, 0.16223, 0.21196, -0.03911, 0.87135, -0.48910
2.298838, 0.212, 0.120, -2.549, 0.26995, 0.51162, 0.66283, 0.47543, -0.33075, 0.42155, 0.84434, 0.93491, 0.02442, 0.35404, 0.12862, 0.90648, -0.40219
2.300754, 0.239, 0.135, -2.908, 0.18971, 0.54725, 0.69123, 0.43212, -0.32906, 0.59260, 0.73522, 0.92051, 0.02759, 0.38975, 0.21068, 0.80502, -0.55457
2.302669, 0.182, 0.103, -2.245, 0.30591, 0.50782, 0.61999, 0.51396, -0.29707, 0.31523, 0.90132, 0.94414, -0.04407, 0.32659, 0.14267, 0.94799, -0.28453
2.304585, 0.159, 0.090, -1.988, 0.27317, 0.51006, 0.59431, 0.55858, -0.33043, 0.30110, 0.89452, 0.91144, -0.14435, 0.38527, 0.24513, 0.94261, -0.22673
2.306501, 0.160, 0.089, -2.021, 0.03657, 0.53643, 0.60409, 0.58819, -0.42180, 0.60509, 0.67524, 0.69114, -0.26747, 0.67141, 0.58687, 0.74989, -0.30538
2.308416, 0.199, 0.112, -2.548, 0.42223, 0.54741, 0.63891, 0.33743, -0.04412, 0.41455, 0.90896, 0.98444, 0.17295, -0.03109, -0.17009, 0.89344, -0.41573
2.310332, 0.197, 0.110, -2.553, 0.01618, 0.57538, 0.62083, 0.53221, -0.33734, 0.69721, 0.63254, 0.73165, -0.22862, 0.64220, 0.59236, 0.67944, -0.43299
2.312248, 0.267, 0.148, -3.491, 0.00274, 0.63974, 0.68731, 0.34398, -0.18144, 0.87753, 0.44388, 0.88129, -0.05518, 0.46934, 0.43635, 0.47634, -0.76335
2.314163, 0.161, 0.089, -2.140, 0.15511, 0.56176, 0.57155, 0.57766, -0.32072, 0.46294, 0.82633, 0.82135, -0.29855, 0.48605, 0.47171, 0.83460, -0.28449
2.316079, 0.199, 0.111, -2.688, 0.12475, 0.59360, 0.59997, 0.52165, -0.26416, 0.58213, 0.76899, 0.84242, -0.24896, 0.47785, 0.46962, 0.77404, -0.42464
2.317995, 0.089, 0.049, -1.216, 0.54225, 0.49395, 0.54381, 0.40775, 0.07603, 0.09503, 0.99257, 0.97942, 0.17952, -0.09221, -0.18695, 0.97915, -0.07942
2.319911, 0.157, 0.088, -2.182, 0.40882, 0.54906, 0.56239, 0.46380, -0.06280, 0.23835, 0.96915, 0.99680, -0.03316, 0.07275, 0.04947, 0.97061, -0.23551
2.321826, 0.101, 0.056, -1.422, 0.53059, 0.51846, 0.54083, 0.39645, 0.10067, 0.14009, 0.98501, 0.98150, 0.14805, -0.12137, -0.16283, 0.97901, -0.12260
2.323742, 0.146, 0.080, -2.082, 0.35680, 0.55063, 0.53699, 0.53023, -0.13900, 0.21300, 0.96711, 0.96974, -0.16868, 0.17653, 0.20073, 0.96238, -0.18311
2.325658, 0.121, 0.066, -1.746, 0.25531, 0.56486, 0.50547, 0.60021, -0.23149, 0.26456, 0.93617, 0.87752, -0.35863, 0.31834, 0.41996, 0.89520, -0.14914
2.327573, 0.188, 0.102, -2.753, 0.02653, 0.64200, 0.52537, 0.55778, -0.17426, 0.64498, 0.74406, 0.70417, -0.44656, 0.55202, 0.68831, 0.62015, -0.37636
2.331405, 0.227, 0.123, -3.414, 0.16619, 0.69541, 0.55974, 0.41891, 0.02242, 0.63926, 0.76867, 0.91773, -0.31815, 0.23782, 0.39658, 0.70009, -0.59380
2.454009, 0.029, -0.019, -3.555, -0.14461, 0.75836, -0.52598, 0.35682, 0.19204, -0.69456, 0.69333, -0.90097, -0.40486, -0.15603, 0.38908, -0.59470, -0.70353
2.463588, 0.011, -0.027, -2.755, -0.31566, 0.70128, -0.51068, -0.38441, 0.18287, -0.95894, -0.21676, -0.47356, -0.27913, 0.83536, -0.86157, -0.05011, -0.50516
2.465503, 0.009, -0.029, -2.716, -0.32013, 0.68822, -0.52340, -0.38721, 0.15225, -0.96834, -0.19785, -0.47251, -0.24714, 0.84597, -0.86808, -0.03531, -0.49517
2.467419, 0.007, -0.030, -2.672, -0.16324, 0.67556, -0.51642, -0.50028, -0.03394, -0.86108, -0.50733, -0.53442, -0.41332, 0.73727, -0.84454, 0.29615, -0.44615
2.476997, -0.005, -0.038, -2.585, -0.30034, 0.61854, -0.57189, 0.44738, -0.05442, -0.43873, 0.89697, -0.97620, -0.16548, -0.14016, 0.20992, -0.88325, -0.41928
2.498070, -0.021, -0.048, -2.091, 0.01877, -0.56826, 0.63199, -0.52660, -0.35346, -0.69851, 0.62222, -0.73804, -0.20046, -0.64429, 0.57477, -0.68695, -0.44467
2.499986, -0.032, -0.073, -2.991, 0.11336, -0.58284, 0.70496, -0.38792, -0.29490, -0.73381, 0.61201, -0.90970, 0.01964, -0.41480, 0.29236, -0.67907, -0.67334
2.503817, -0.024, -0.050, -1.957, 0.01644, -0.54104, 0.64630, -0.53787, -0.41402, -0.68166, 0.60326, -0.71702, -0.16406, -0.67747, 0.56077, -0.71304, -0.42085
2.509564, -0.037, -0.074, -2.589, 0.32556, -0.52809, 0.67410, -0.40089, -0.23026, -0.45095, 0.86234, -0.97301, 0.12080, -0.19663, -0.01550, -0.88434, -0.46660
2.515311, -0.041, -0.079, -2.527, 0.41092, -0.50092, 0.67464, -0.35366, -0.16044, -0.38524, 0.90876, -0.96654, 0.24800, -0.06552, -0.20013, -0.88887, -0.41214
2.517227, -0.028, -0.051, -1.639, 0.05076, -0.47535, 0.66862, -0.56957, -0.54293, -0.57784, 0.60937, -0.69349, -0.10073, -0.71339, 0.47361, -0.80991, -0.34603
2.522974, -0.039, -0.071, -2.082, 0.19081, -0.47666, 0.68585, -0.51575, -0.47278, -0.45701, 0.75341, -0.85065, 0.01358, -0.52556, 0.22995, -0.88936, -0.39518
2.524890, -0.060, -0.111, -3.155, 0.16077, -0.49337, 0.78526, -0.33779, -0.46148, -0.66624, 0.58580, -0.88346, 0.28497, -0.37186, 0.08081, -0.68914, -0.72011
2.526805, -0.049, -0.089, -2.458, 0.30759, -0.47564, 0.69240, -0.44692, -0.35830, -0.38373, 0.85110, -0.93361, 0.14805, -0.32628, -0.00081, -0.91150, -0.41130
2.528721, -0.073, -0.135, -3.602, 0.13242, -0.47640, 0.85814, 0.13824, -0.51102, -0.85425, 0.09554, -0.78102, 0.50786, 0.36343, -0.35898, 0.11110, -0.92671
2.530637, -0.064, -0.115, -3.022, 0.35199, -0.46762, 0.74840, -0.31199, -0.31488, -0.48030, 0.81863, -0.91956, 0.36800, -0.13779, -0.23507, -0.79617, -0.55754
2.532552, -0.065, -0.118, -3.026, -0.06258, -0.44407, 0.81506, -0.36683, -0.59778, -0.76980, 0.22377, -0.67796, 0.33648, -0.65356, 0.42781, -0.54240, -0.72304
2.534468, -0.078, -0.142, -3.547, 0.10886, -0.44032, 0.86773, 0.20324, -0.58853, -0.80841, 0.00995, -0.71991, 0.52962, 0.44858, -0.36791, 0.25684, -0.89369
2.542131, -0.042, -0.072, -1.651, 0.54456, -0.41685, 0.67130, -0.28115, -0.05937, -0.25346, 0.96552, -0.86587, 0.49437, 0.07654, -0.49673, -0.83148, -0.24881
2.549794, -0.118, -0.207, -4.417, -0.05844, -0.39755, 0.91259, -0.07558, -0.67708, -0.73443, -0.04656, -0.71676, 0.67249, -0.18442, 0.16676, -0.09149, -0.98174
2.816075, -0.168, -0.363, -2.322, 0.03077, 0.81926, -0.24110, 0.51936, 0.34427, -0.42701, 0.83615, -0.36309, -0.88185, -0.30085, 0.86582, -0.20003, -0.45864
2.825654, -0.131, -0.290, -1.814, 0.60874, 0.74567, -0.24539, 0.11491, 0.85316, -0.50587, -0.12738, -0.22605, -0.13845, -0.96423, 0.47013, 0.85143, -0.23247
2.827569, -0.134, -0.297, -1.846, 0.49591, 0.76366, -0.22189, 0.34880, 0.65822, -0.68484, 0.31265, 0.00706, -0.40967, -0.91220, 0.75280, 0.60263, -0.26482
2.829485, -0.159, -0.357, -2.203, 0.50707, 0.71034, -0.34270, -0.34763, 0.52341, -0.13433, -0.84143, -0.83942, -0.25088, -0.48211, -0.14634, 0.95865, -0.24407
2.831401, -0.193, -0.431, -2.644, 0.35415, 0.81964, -0.27346, 0.35775, 0.59447, -0.70167, 0.39276, -0.19488, -0.59959, -0.77622, 0.78015, 0.38489, -0.49318
2.833316, -0.159, -0.358, -2.186, 0.52780, 0.77842, -0.27942, 0.19343, 0.76902, -0.63919, 0.00618, -0.23082, -0.28670, -0.92980, 0.59609, 0.71361, -0.36802
2.835232, -0.138, -0.311, -1.895, 0.56532, 0.74922, -0.28316, 0.19725, 0.76183, -0.64731, -0.02459, -0.20128, -0.20048, -0.95880, 0.61571, 0.73539, -0.28302
2.837148, -0.197, -0.446, -2.692, 0.46640, 0.81163, -0.32471, 0.13522, 0.75255, -0.65323, -0.08338, -0.40096, -0.35407, -0.84490, 0.52240, 0.66927, -0.52838
