t_ms, x_m, y_m, z_m, qw, qx, qy, qz, R00, R01, R02, R10, R11, R12, R20, R21, R22
0.000000, -0.016, 0.129, -3.183, -0.14590, 0.70239, 0.69192, 0.08134, 0.02927, 0.99572, -0.08764, 0.94825, 0.00007, 0.31752, 0.31617, -0.09240, -0.94419
0.001916, -0.016, 0.129, -3.176, -0.14065, 0.70215, 0.69025, 0.10372, 0.02561, 0.99849, -0.04851, 0.94014, -0.00756, 0.34070, 0.33982, -0.05433, -0.93892
0.003831, -0.016, 0.128, -3.168, -0.16009, 0.70056, 0.68999, 0.08658, 0.03283, 0.99448, -0.09961, 0.93904, 0.00343, 0.34378, 0.34223, -0.10483, -0.93375
0.005747, -0.016, 0.129, -3.180, -0.13076, 0.70267, 0.69085, 0.10901, 0.02168, 0.99939, -0.02748, 0.94237, -0.01125, 0.33439, 0.33388, -0.03314, -0.94203
0.007663, -0.016, 0.129, -3.189, -0.14414, 0.70298, 0.69260, 0.07309, 0.02992, 0.99484, -0.09690, 0.95270, 0.00095, 0.30390, 0.30243, -0.10141, -0.94776
0.009579, -0.016, 0.129, -3.192, -0.13410, 0.70339, 0.69267, 0.08638, 0.02549, 0.99761, -0.06426, 0.95128, -0.00445, 0.30831, 0.30729, -0.06899, -0.94911
0.011494, -0.016, 0.130, -3.202, -0.11524, 0.70514, 0.69365, 0.09139, 0.02100, 0.99930, -0.03099, 0.95717, -0.01114, 0.28931, 0.28876, -0.03574, -0.95673
0.013410, -0.016, 0.129, -3.191, -0.14265, 0.70327, 0.69252, 0.07406, 0.02988, 0.99518, -0.09341, 0.95292, -0.00015, 0.30321, 0.30174, -0.09807, -0.94833
0.015326, -0.016, 0.129, -3.177, -0.16572, 0.70165, 0.69138, 0.04702, 0.03955, 0.98581, -0.16317, 0.95464, 0.01095, 0.29757, 0.29513, -0.16754, -0.94065
0.017241, -0.016, 0.129, -3.182, -0.14831, 0.70250, 0.69132, 0.08109, 0.03100, 0.99536, -0.09113, 0.94725, -0.00016, 0.32050, 0.31900, -0.09626, -0.94285
0.019157, -0.016, 0.128, -3.166, -0.16078, 0.70037, 0.68950, 0.09068, 0.03274, 0.99497, -0.09470, 0.93665, 0.00252, 0.35025, 0.34873, -0.10017, -0.93186
0.021073, -0.015, 0.125, -3.090, -0.22765, 0.69152, 0.68553, 0.00516, 0.06006, 0.95046, -0.30499, 0.94576, 0.04354, 0.32193, 0.31926, -0.30778, -0.89629
0.022989, -0.016, 0.129, -3.190, -0.14222, 0.70293, 0.69251, 0.07807, 0.02868, 0.99578, -0.08723, 0.95136, -0.00042, 0.30807, 0.30673, -0.09182, -0.94736
0.024904, -0.016, 0.128, -3.157, -0.16109, 0.69958, 0.68808, 0.10572, 0.03074, 0.99680, -0.07376, 0.92868, -0.00119, 0.37088, 0.36961, -0.07990, -0.92575
0.026820, -0.016, 0.128, -3.170, -0.15384, 0.70058, 0.69005, 0.09670, 0.02897, 0.99662, -0.07683, 0.93712, -0.00033, 0.34901, 0.34781, -0.08211, -0.93396
0.028736, -0.016, 0.129, -3.181, -0.13016, 0.70263, 0.69095, 0.10934, 0.02127, 0.99943, -0.02622, 0.94250, -0.01130, 0.33401, 0.33352, -0.03182, -0.94221
0.030651, -0.016, 0.129, -3.174, -0.16230, 0.70112, 0.69107, 0.06716, 0.03583, 0.99085, -0.13014, 0.94725, 0.00783, 0.32041, 0.31850, -0.13476, -0.93830
0.032567, -0.016, 0.129, -3.181, -0.14923, 0.70214, 0.69136, 0.08215, 0.03054, 0.99538, -0.09098, 0.94635, 0.00050, 0.32315, 0.32170, -0.09597, -0.94196
0.034483, -0.016, 0.128, -3.171, -0.13845, 0.70088, 0.69008, 0.11576, 0.02079, 0.99937, -0.02881, 0.93526, -0.00926, 0.35384, 0.35335, -0.03430, -0.93486
0.036398, -0.016, 0.128, -3.167, -0.15245, 0.70054, 0.68968, 0.10175, 0.02799, 0.99731, -0.06772, 0.93527, -0.00222, 0.35394, 0.35284, -0.07324, -0.93281
0.038314, -0.016, 0.128, -3.167, -0.13524, 0.70091, 0.68917, 0.12444, 0.01912, 0.99975, -0.01195, 0.93243, -0.01352, 0.36110, 0.36085, -0.01805, -0.93245
0.040230, -0.016, 0.129, -3.173, -0.15966, 0.70113, 0.69050, 0.07836, 0.03415, 0.99328, -0.11061, 0.94324, 0.00455, 0.33209, 0.33036, -0.11567, -0.93674
0.042146, -0.015, 0.127, -3.124, -0.19155, 0.69524, 0.68507, 0.10309, 0.04011, 0.99207, -0.11911, 0.91308, 0.01202, 0.40760, 0.40580, -0.12511, -0.90536
0.044061, -0.015, 0.128, -3.150, -0.17159, 0.69858, 0.68837, 0.09319, 0.03492, 0.99375, -0.10603, 0.92979, 0.00659, 0.36804, 0.36644, -0.11144, -0.92374
0.045977, -0.016, 0.130, -3.198, -0.13160, 0.70413, 0.69326, 0.07917, 0.02623, 0.99713, -0.07098, 0.95546, -0.00413, 0.29510, 0.29396, -0.07556, -0.95283
0.047893, -0.015, 0.128, -3.159, -0.17037, 0.69926, 0.68928, 0.08304, 0.03599, 0.99227, -0.11873, 0.93569, 0.00827, 0.35274, 0.35099, -0.12379, -0.92816
0.049808, -0.016, 0.128, -3.161, -0.15944, 0.69963, 0.68911, 0.10110, 0.02980, 0.99649, -0.07829, 0.93201, 0.00060, 0.36244, 0.36121, -0.08376, -0.92871
0.051724, -0.016, 0.128, -3.172, -0.15513, 0.70100, 0.69008, 0.09129, 0.03092, 0.99580, -0.08612, 0.93916, 0.00054, 0.34349, 0.34209, -0.09150, -0.93520
0.053640, -0.016, 0.129, -3.186, -0.15309, 0.70246, 0.69297, 0.05394, 0.03376, 0.99008, -0.13640, 0.95705, 0.00729, 0.28984, 0.28796, -0.14032, -0.94731
0.055556, -0.016, 0.128, -3.170, -0.15723, 0.70076, 0.68975, 0.09199, 0.03156, 0.99562, -0.08797, 0.93776, 0.00096, 0.34727, 0.34583, -0.09346, -0.93363
0.057471, -0.015, 0.127, -3.130, -0.18964, 0.69598, 0.68589, 0.09595, 0.04071, 0.99112, -0.12658, 0.91834, 0.01281, 0.39560, 0.39370, -0.13235, -0.90966
0.059387, -0.016, 0.128, -3.165, -0.14537, 0.70065, 0.68942, 0.11249, 0.02408, 0.99879, -0.04280, 0.93338, -0.00713, 0.35881, 0.35807, -0.04859, -0.93243
0.061303, -0.015, 0.127, -3.128, -0.18159, 0.69609, 0.68516, 0.11419, 0.03504, 0.99534, -0.08985, 0.91239, 0.00483, 0.40929, 0.40781, -0.09632, -0.90797
0.063218, -0.015, 0.127, -3.136, -0.18532, 0.69708, 0.68604, 0.09531, 0.04054, 0.99178, -0.12140, 0.92112, 0.00999, 0.38914, 0.38715, -0.12760, -0.91314
0.065134, -0.016, 0.128, -3.157, -0.16940, 0.69923, 0.68852, 0.09123, 0.03523, 0.99377, -0.10569, 0.93196, 0.00552, 0.36253, 0.36086, -0.11127, -0.92596
0.067050, -0.016, 0.130, -3.199, -0.11062, 0.70490, 0.69296, 0.10334, 0.01825, 0.99980, -0.00763, 0.95408, -0.01513, 0.29917, 0.29899, -0.01274, -0.95417
0.068966, -0.015, 0.128, -3.159, -0.16735, 0.69972, 0.68904, 0.08730, 0.03522, 0.99348, -0.10846, 0.93504, 0.00555, 0.35450, 0.35279, -0.11390, -0.92875
0.070881, -0.016, 0.130, -3.206, -0.11580, 0.70543, 0.69430, 0.08317, 0.02207, 0.99881, -0.04345, 0.96029, -0.00909, 0.27887, 0.27814, -0.04788, -0.95935
0.072797, -0.016, 0.129, -3.177, -0.13338, 0.70213, 0.68999, 0.11465, 0.02154, 0.99950, -0.02307, 0.93833, -0.01225, 0.34552, 0.34507, -0.02909, -0.93813
0.074713, -0.015, 0.128, -3.149, -0.17419, 0.69842, 0.68783, 0.09361, 0.03627, 0.99339, -0.10886, 0.92817, 0.00689, 0.37210, 0.37039, -0.11454, -0.92179
0.076628, -0.016, 0.128, -3.156, -0.16446, 0.69914, 0.68874, 0.09898, 0.03169, 0.99560, -0.08813, 0.93049, 0.00281, 0.36631, 0.36494, -0.09361, -0.92631
0.078544, -0.016, 0.129, -3.173, -0.14565, 0.70149, 0.69028, 0.10106, 0.02660, 0.99789, -0.05930, 0.93901, -0.00460, 0.34387, 0.34287, -0.06483, -0.93714
0.080460, -0.015, 0.127, -3.146, -0.18680, 0.69750, 0.68782, 0.07419, 0.04279, 0.98723, -0.15348, 0.93179, 0.01599, 0.36265, 0.36047, -0.15853, -0.91920
0.082375, -0.015, 0.127, -3.139, -0.19024, 0.69711, 0.68706, 0.07614, 0.04431, 0.98688, -0.15526, 0.92894, 0.01648, 0.36987, 0.36758, -0.16061, -0.91602
0.084291, -0.016, 0.129, -3.174, -0.14896, 0.70144, 0.69013, 0.09751, 0.02843, 0.99722, -0.06882, 0.93913, -0.00306, 0.34356, 0.34239, -0.07439, -0.93661
0.086207, -0.016, 0.129, -3.190, -0.14232, 0.70315, 0.69267, 0.07436, 0.02935, 0.99527, -0.09259, 0.95294, 0.00010, 0.30315, 0.30173, -0.09713, -0.94843
0.088123, -0.016, 0.129, -3.179, -0.13987, 0.70186, 0.69084, 0.10282, 0.02434, 0.99851, -0.04893, 0.94098, -0.00635, 0.33841, 0.33759, -0.05427, -0.93973
0.090038, -0.016, 0.129, -3.190, -0.13288, 0.70334, 0.69243, 0.09057, 0.02468, 0.99809, -0.05661, 0.94995, -0.00577, 0.31235, 0.31143, -0.06149, -0.94828
0.091954, -0.016, 0.128, -3.164, -0.15666, 0.70001, 0.68940, 0.10088, 0.02911, 0.99678, -0.07478, 0.93356, -0.00038, 0.35842, 0.35723, -0.08024, -0.93056
0.093870, -0.016, 0.130, -3.195, -0.12475, 0.70429, 0.69251, 0.09409, 0.02316, 0.99892, -0.04025, 0.95197, -0.00974, 0.30604, 0.30532, -0.04541, -0.95117
0.095785, -0.016, 0.128, -3.168, -0.16509, 0.70062, 0.68988, 0.07710, 0.03625, 0.99214, -0.11975, 0.94123, 0.00637, 0.33772, 0.33583, -0.12496, -0.93360
0.097701, -0.016, 0.129, -3.189, -0.14433, 0.70295, 0.69211, 0.07754, 0.02995, 0.99542, -0.09078, 0.95066, -0.00031, 0.31025, 0.30880, -0.09559, -0.94631
0.099617, -0.016, 0.129, -3.186, -0.14071, 0.70279, 0.69161, 0.08926, 0.02741, 0.99723, -0.06917, 0.94699, -0.00375, 0.32124, 0.32009, -0.07431, -0.94447
0.101533, -0.016, 0.128, -3.157, -0.15746, 0.69943, 0.68828, 0.11083, 0.02798, 0.99770, -0.06171, 0.92790, -0.00296, 0.37283, 0.37179, -0.06769, -0.92585
0.103448, -0.016, 0.129, -3.180, -0.13022, 0.70239, 0.69106, 0.11015, 0.02062, 0.99947, -0.02525, 0.94209, -0.01097, 0.33517, 0.33472, -0.03070, -0.94182
0.105364, -0.016, 0.128, -3.172, -0.15840, 0.70113, 0.69028, 0.08266, 0.03336, 0.99414, -0.10278, 0.94177, 0.00316, 0.33623, 0.33459, -0.10801, -0.93615
0.107280, -0.016, 0.128, -3.169, -0.15195, 0.70082, 0.68963, 0.10085, 0.02847, 0.99726, -0.06823, 0.93597, -0.00263, 0.35208, 0.35094, -0.07388, -0.93348
0.109195, -0.016, 0.129, -3.184, -0.14504, 0.70229, 0.69208, 0.08231, 0.02850, 0.99596, -0.08515, 0.94821, 0.00002, 0.31765, 0.31637, -0.08979, -0.94438
0.111111, -0.016, 0.129, -3.175, -0.16344, 0.70102, 0.69146, 0.06117, 0.03629, 0.98945, -0.14026, 0.94946, 0.00965, 0.31373, 0.31178, -0.14455, -0.93910
0.113027, -0.015, 0.127, -3.148, -0.17432, 0.69807, 0.68749, 0.09832, 0.03539, 0.99411, -0.10241, 0.92555, 0.00605, 0.37857, 0.37696, -0.10818, -0.91989
0.114942, -0.016, 0.129, -3.191, -0.14151, 0.70361, 0.69250, 0.07318, 0.03019, 0.99521, -0.09300, 0.95379, -0.00085, 0.30048, 0.29897, -0.09778, -0.94924
0.116858, -0.016, 0.131, -3.212, 0.01766, 0.70566, 0.69958, -0.11099, -0.00346, 0.99125, -0.13194, 0.98341, -0.02056, -0.18022, -0.18135, -0.13038, -0.97474
0.118774, -0.016, 0.127, -3.148, -0.15298, 0.69845, 0.68701, 0.12959, 0.02246, 0.99932, -0.02917, 0.92003, -0.00924, 0.39175, 0.39121, -0.03563, -0.91961
0.120690, -0.015, 0.127, -3.138, -0.16300, 0.69762, 0.68552, 0.12972, 0.02648, 0.99875, -0.04248, 0.91417, -0.00700, 0.40528, 0.40447, -0.04957, -0.91321
0.122605, -0.016, 0.128, -3.170, -0.14811, 0.70080, 0.69001, 0.10407, 0.02611, 0.99794, -0.05853, 0.93629, -0.00390, 0.35120, 0.35025, -0.06397, -0.93447
0.124521, -0.016, 0.129, -3.185, -0.13703, 0.70298, 0.69188, 0.09137, 0.02592, 0.99779, -0.06115, 0.94771, -0.00506, 0.31909, 0.31807, -0.06622, -0.94575
0.126437, -0.016, 0.128, -3.168, -0.14523, 0.70111, 0.68948, 0.10945, 0.02528, 0.99858, -0.04679, 0.93500, -0.00706, 0.35458, 0.35375, -0.05271, -0.93386
0.128352, -0.015, 0.127, -3.146, -0.17456, 0.69797, 0.68736, 0.09955, 0.03526, 0.99426, -0.10101, 0.92475, 0.00587, 0.38053, 0.37894, -0.10683, -0.91924
0.130268, -0.016, 0.128, -3.164, -0.14731, 0.70050, 0.68846, 0.11676, 0.02479, 0.99892, -0.03926, 0.93012, -0.00865, 0.36715, 0.36641, -0.04562, -0.92933
0.132184, -0.016, 0.129, -3.173, -0.16911, 0.70088, 0.69130, 0.04763, 0.03966, 0.98515, -0.16705, 0.95293, 0.01300, 0.30291, 0.30059, -0.17120, -0.93826
0.134100, -0.016, 0.129, -3.184, -0.14268, 0.70260, 0.69180, 0.08602, 0.02802, 0.99667, -0.07653, 0.94758, -0.00210, 0.31952, 0.31829, -0.08147, -0.94448
0.136015, -0.015, 0.127, -3.128, -0.18879, 0.69602, 0.68534, 0.10112, 0.04017, 0.99220, -0.11800, 0.91584, 0.01066, 0.40141, 0.39954, -0.12420, -0.90827
0.137931, -0.016, 0.129, -3.184, -0.15043, 0.70247, 0.69178, 0.07317, 0.03217, 0.99392, -0.10532, 0.94989, 0.00238, 0.31258, 0.31093, -0.11010, -0.94403
0.139847, -0.016, 0.129, -3.178, -0.15165, 0.70207, 0.69055, 0.08516, 0.03179, 0.99545, -0.08986, 0.94379, -0.00030, 0.33055, 0.32902, -0.09531, -0.93950
0.141762, -0.015, 0.127, -3.142, -0.18726, 0.69754, 0.68713, 0.07885, 0.04327, 0.98814, -0.14735, 0.92908, 0.01444, 0.36960, 0.36735, -0.15289, -0.91743
0.143678, -0.015, 0.128, -3.156, -0.17155, 0.69925, 0.68884, 0.08444, 0.03675, 0.99230, -0.11824, 0.93436, 0.00785, 0.35625, 0.35443, -0.12357, -0.92688
0.145594, -0.016, 0.128, -3.160, -0.15389, 0.69992, 0.68833, 0.11243, 0.02713, 0.99815, -0.05448, 0.92894, -0.00505, 0.37020, 0.36924, -0.06065, -0.92735
0.147510, -0.015, 0.128, -3.154, -0.18848, 0.69861, 0.68978, 0.02498, 0.04716, 0.97319, -0.22511, 0.95436, 0.02264, 0.29781, 0.29493, -0.22888, -0.92770
0.149425, -0.016, 0.128, -3.168, -0.13581, 0.70049, 0.68970, 0.12323, 0.01825, 0.99973, -0.01470, 0.93278, -0.01173, 0.36025, 0.35998, -0.02029, -0.93274
0.151341, -0.016, 0.129, -3.182, -0.14522, 0.70222, 0.69141, 0.08800, 0.02842, 0.99661, -0.07722, 0.94549, -0.00173, 0.32564, 0.32440, -0.08226, -0.94234
0.153257, -0.016, 0.129, -3.173, -0.15512, 0.70131, 0.69041, 0.08624, 0.03179, 0.99514, -0.09322, 0.94163, 0.00146, 0.33666, 0.33516, -0.09848, -0.93700
0.155172, -0.016, 0.128, -3.169, -0.14760, 0.70091, 0.68963, 0.10652, 0.02613, 0.99818, -0.05426, 0.93529, -0.00525, 0.35383, 0.35291, -0.05999, -0.93373
0.157088, -0.016, 0.129, -3.190, -0.14295, 0.70341, 0.69223, 0.07480, 0.03044, 0.99523, -0.09267, 0.95246, -0.00077, 0.30467, 0.30314, -0.09754, -0.94794
0.159004, -0.016, 0.128, -3.155, -0.17590, 0.69891, 0.68835, 0.08225, 0.03883, 0.99112, -0.12719, 0.93325, 0.00952, 0.35911, 0.35713, -0.13264, -0.92459
0.160920, -0.016, 0.129, -3.172, -0.13859, 0.70163, 0.69000, 0.11134, 0.02300, 0.99912, -0.03502, 0.93740, -0.00937, 0.34814, 0.34750, -0.04083, -0.93679
0.162835, -0.016, 0.130, -3.203, -0.11570, 0.70520, 0.69343, 0.09197, 0.02139, 0.99930, -0.03075, 0.95674, -0.01154, 0.29073, 0.29017, -0.03564, -0.95631
0.164751, -0.016, 0.128, -3.166, -0.14896, 0.70055, 0.68920, 0.10976, 0.02590, 0.99833, -0.05154, 0.93294, -0.00562, 0.35999, 0.35910, -0.05741, -0.93153
0.166667, -0.016, 0.128, -3.165, -0.15161, 0.70039, 0.68935, 0.10616, 0.02707, 0.99781, -0.06032, 0.93344, -0.00363, 0.35873, 0.35772, -0.06601, -0.93149
0.168582, -0.016, 0.129, -3.188, -0.11173, 0.70391, 0.69207, 0.11432, 0.01594, 0.99985, 0.00628, 0.94876, -0.01711, 0.31553, 0.31559, 0.00093, -0.94890
0.170498, -0.016, 0.129, -3.187, -0.15000, 0.70233, 0.69258, 0.06762, 0.03153, 0.99312, -0.11280, 0.95255, 0.00433, 0.30437, 0.30276, -0.11704, -0.94585
0.172414, -0.016, 0.128, -3.149, -0.15447, 0.69856, 0.68688, 0.12789, 0.02369, 0.99916, -0.03353, 0.92014, -0.00868, 0.39149, 0.39087, -0.04012, -0.91957
0.174329, -0.016, 0.129, -3.183, -0.14109, 0.70266, 0.69119, 0.09285, 0.02726, 0.99754, -0.06455, 0.94514, -0.00469, 0.32662, 0.32552, -0.06992, -0.94295
0.176245, -0.016, 0.128, -3.163, -0.17050, 0.69987, 0.68987, 0.07200, 0.03779, 0.99020, -0.13447, 0.94109, 0.00999, 0.33800, 0.33603, -0.13932, -0.93149
0.178161, -0.015, 0.128, -3.157, -0.17756, 0.69905, 0.68917, 0.06970, 0.04039, 0.98827, -0.14729, 0.93877, 0.01295, 0.34431, 0.34218, -0.15217, -0.92723
0.180077, -0.015, 0.127, -3.134, -0.18271, 0.69639, 0.68620, 0.10384, 0.03669, 0.99368, -0.10612, 0.91778, 0.00851, 0.39699, 0.39538, -0.11196, -0.91167
0.181992, -0.016, 0.129, -3.185, -0.13943, 0.70284, 0.69179, 0.08942, 0.02686, 0.99738, -0.06722, 0.94750, -0.00397, 0.31972, 0.31861, -0.07228, -0.94513
0.183908, -0.016, 0.128, -3.154, -0.16385, 0.69908, 0.68801, 0.10522, 0.03113, 0.99644, -0.07834, 0.92748, 0.00042, 0.37388, 0.37258, -0.08429, -0.92416
0.185824, -0.016, 0.131, -3.229, 0.00391, 0.70761, 0.70086, -0.08979, 0.00146, 0.99258, -0.12159, 0.99117, -0.01755, -0.13140, -0.13256, -0.12033, -0.98384
0.187739, -0.016, 0.129, -3.173, -0.16335, 0.70084, 0.69069, 0.07127, 0.03572, 0.99142, -0.12575, 0.94485, 0.00749, 0.32742, 0.32555, -0.13051, -0.93647
0.189655, -0.016, 0.128, -3.160, -0.16111, 0.69975, 0.68860, 0.10112, 0.03121, 0.99628, -0.08036, 0.93111, 0.00025, 0.36474, 0.36340, -0.08621, -0.92764
0.191571, -0.016, 0.130, -3.205, -0.11489, 0.70525, 0.69398, 0.08841, 0.02116, 0.99917, -0.03475, 0.95854, -0.01039, 0.28476, 0.28417, -0.03934, -0.95797
0.193487, -0.016, 0.129, -3.184, -0.13628, 0.70266, 0.69154, 0.09731, 0.02459, 0.99836, -0.05173, 0.94531, -0.00639, 0.32611, 0.32524, -0.05692, -0.94392
0.195402, -0.016, 0.129, -3.188, -0.12942, 0.70322, 0.69194, 0.09975, 0.02253, 0.99899, -0.03881, 0.94736, -0.00894, 0.32006, 0.31939, -0.04398, -0.94660
0.197318, -0.015, 0.127, -3.126, -0.16768, 0.69600, 0.68419, 0.13910, 0.02507, 0.99904, -0.03583, 0.90575, -0.00753, 0.42375, 0.42308, -0.04308, -0.90507
0.199234, -0.016, 0.128, -3.167, -0.15801, 0.70020, 0.68982, 0.09430, 0.03050, 0.99583, -0.08594, 0.93623, 0.00165, 0.35138, 0.35006, -0.09118, -0.93228
0.201149, -0.015, 0.128, -3.151, -0.17460, 0.69861, 0.68816, 0.08882, 0.03709, 0.99253, -0.11622, 0.93050, 0.00811, 0.36620, 0.36441, -0.12172, -0.92325
0.203065, -0.016, 0.128, -3.164, -0.15467, 0.70037, 0.68908, 0.10355, 0.02888, 0.99726, -0.06812, 0.93319, -0.00248, 0.35936, 0.35821, -0.07395, -0.93071
0.204981, -0.016, 0.128, -3.167, -0.15769, 0.70032, 0.68983, 0.09388, 0.03064, 0.99582, -0.08607, 0.93660, 0.00147, 0.35040, 0.34906, -0.09134, -0.93264
0.206896, -0.016, 0.128, -3.167, -0.13397, 0.70101, 0.68882, 0.12710, 0.01874, 0.99980, -0.00636, 0.93169, -0.01515, 0.36293, 0.36276, -0.01273, -0.93180
0.208812, -0.015, 0.126, -3.114, -0.20475, 0.69437, 0.68882, -0.03805, 0.04815, 0.94101, -0.33492, 0.97218, 0.03280, 0.23192, 0.22922, -0.33677, -0.91326
0.210728, -0.016, 0.129, -3.180, -0.14259, 0.70205, 0.69113, 0.09554, 0.02642, 0.99767, -0.06295, 0.94318, -0.00401, 0.33227, 0.33124, -0.06815, -0.94108
0.212644, -0.016, 0.129, -3.187, -0.15800, 0.70271, 0.69264, 0.03837, 0.03755, 0.98559, -0.16495, 0.96134, 0.00944, 0.27522, 0.27281, -0.16890, -0.94713
0.214559, -0.016, 0.128, -3.167, -0.15637, 0.70051, 0.68994, 0.09390, 0.03032, 0.99599, -0.08422, 0.93725, 0.00095, 0.34865, 0.34733, -0.08950, -0.93346
0.216475, -0.016, 0.128, -3.152, -0.15197, 0.69887, 0.68776, 0.12436, 0.02303, 0.99911, -0.03521, 0.92352, -0.00777, 0.38348, 0.38286, -0.04135, -0.92288
0.218391, -0.016, 0.128, -3.157, -0.16500, 0.69924, 0.68851, 0.09890, 0.03233, 0.99552, -0.08890, 0.93024, 0.00256, 0.36694, 0.36552, -0.09457, -0.92599
0.220306, -0.016, 0.130, -3.197, -0.11023, 0.70474, 0.69235, 0.10881, 0.01763, 0.99984, 0.00073, 0.95187, -0.01701, 0.30603, 0.30599, -0.00470, -0.95202
0.222222, -0.016, 0.129, -3.184, -0.15085, 0.70256, 0.69163, 0.07283, 0.03269, 0.99379, -0.10632, 0.94985, 0.00221, 0.31271, 0.31100, -0.11121, -0.94388
0.224138, -0.016, 0.130, -3.207, -0.11216, 0.70577, 0.69408, 0.08692, 0.02139, 0.99923, -0.03301, 0.96023, -0.01134, 0.27899, 0.27840, -0.03767, -0.95973
0.226054, -0.016, 0.129, -3.176, -0.15483, 0.70159, 0.69076, 0.08154, 0.03240, 0.99451, -0.09948, 0.94401, 0.00225, 0.32991, 0.32832, -0.10460, -0.93876
0.227969, -0.016, 0.129, -3.182, -0.13685, 0.70240, 0.69128, 0.10022, 0.02419, 0.99853, -0.04841, 0.94367, -0.00682, 0.33082, 0.33000, -0.05369, -0.94245
0.229885, -0.015, 0.127, -3.147, -0.17810, 0.69767, 0.68766, 0.09311, 0.03691, 0.99268, -0.11501, 0.92635, 0.00919, 0.37656, 0.37486, -0.12044, -0.91922
0.231801, -0.016, 0.130, -3.195, -0.10970, 0.70451, 0.69271, 0.10857, 0.01673, 0.99986, 0.00099, 0.95222, -0.01624, 0.30498, 0.30495, -0.00416, -0.95236
0.233716, -0.015, 0.128, -3.161, -0.16911, 0.69959, 0.68963, 0.07989, 0.03606, 0.99194, -0.12147, 0.93790, 0.00837, 0.34679, 0.34502, -0.12643, -0.93004
0.235632, -0.015, 0.127, -3.138, -0.18594, 0.69698, 0.68703, 0.08740, 0.04071, 0.99019, -0.13366, 0.92519, 0.01316, 0.37928, 0.37732, -0.13911, -0.91558
0.237548, -0.016, 0.129, -3.180, -0.15171, 0.70214, 0.69172, 0.07421, 0.03204, 0.99388, -0.10567, 0.94885, 0.00298, 0.31570, 0.31409, -0.11038, -0.94296
0.239464, -0.016, 0.129, -3.174, -0.14095, 0.70151, 0.69037, 0.10681, 0.02397, 0.99871, -0.04476, 0.93850, -0.00706, 0.34522, 0.34446, -0.05028, -0.93745
0.241379, -0.015, 0.128, -3.155, -0.17506, 0.69882, 0.68912, 0.07825, 0.03799, 0.99053, -0.13190, 0.93574, 0.01105, 0.35252, 0.35064, -0.13682, -0.92646
0.243295, -0.015, 0.128, -3.147, -0.17625, 0.69813, 0.68771, 0.09269, 0.03691, 0.99291, -0.11300, 0.92756, 0.00803, 0.37359, 0.37185, -0.11860, -0.92069
0.245211, -0.016, 0.129, -3.182, -0.15048, 0.70234, 0.69220, 0.07028, 0.03185, 0.99346, -0.10961, 0.95116, 0.00356, 0.30867, 0.30705, -0.11409, -0.94483
0.247126, -0.016, 0.129, -3.176, -0.14062, 0.70216, 0.69047, 0.10220, 0.02561, 0.99839, -0.05067, 0.94090, -0.00695, 0.33860, 0.33770, -0.05635, -0.93956
0.249042, -0.016, 0.129, -3.186, -0.12423, 0.70330, 0.69139, 0.10915, 0.02014, 0.99963, -0.01825, 0.94539, -0.01310, 0.32568, 0.32532, -0.02381, -0.94530
0.250958, -0.016, 0.127, -3.143, -0.15453, 0.69781, 0.68664, 0.13308, 0.02164, 0.99942, -0.02648, 0.91716, -0.00930, 0.39842, 0.39794, -0.03291, -0.91682
0.252874, -0.016, 0.129, -3.192, -0.14874, 0.70328, 0.69325, 0.05179, 0.03344, 0.99050, -0.13338, 0.95969, 0.00544, 0.28102, 0.27908, -0.13740, -0.95039
0.254789, -0.016, 0.128, -3.164, -0.16375, 0.69994, 0.68951, 0.08857, 0.03345, 0.99424, -0.10182, 0.93623, 0.00448, 0.35137, 0.34980, -0.10708, -0.93068
0.256705, -0.016, 0.129, -3.181, -0.14831, 0.70190, 0.69117, 0.08731, 0.02933, 0.99616, -0.08245, 0.94437, -0.00059, 0.32889, 0.32758, -0.08751, -0.94076
0.258621, -0.016, 0.128, -3.167, -0.16819, 0.70065, 0.69007, 0.06792, 0.03839, 0.98983, -0.13695, 0.94414, 0.00896, 0.32943, 0.32731, -0.14194, -0.93419
0.260536, -0.016, 0.131, -3.224, 0.01480, 0.70724, 0.70051, -0.09418, 0.00082, 0.99365, -0.11249, 0.98808, -0.01812, -0.15288, -0.15395, -0.11102, -0.98182
0.262452, -0.016, 0.130, -3.210, 0.07195, 0.70980, 0.69667, 0.07522, 0.01798, 0.97817, 0.20703, 0.99982, -0.01894, 0.00265, 0.00652, 0.20695, -0.97833
0.264368, -0.016, 0.129, -3.187, -0.14640, 0.70303, 0.69214, 0.07249, 0.03137, 0.99442, -0.10073, 0.95197, 0.00098, 0.30620, 0.30459, -0.10550, -0.94662
0.266284, -0.016, 0.128, -3.165, -0.17565, 0.70012, 0.69068, 0.04403, 0.04204, 0.98259, -0.18098, 0.95165, 0.01579, 0.30677, 0.30429, -0.18513, -0.93442
0.268199, -0.015, 0.127, -3.127, -0.19233, 0.69566, 0.68559, 0.09501, 0.04188, 0.99043, -0.13153, 0.91733, 0.01405, 0.39787, 0.39591, -0.13732, -0.90796
0.270115, -0.016, 0.127, -3.148, -0.16381, 0.69831, 0.68710, 0.11582, 0.02895, 0.99757, -0.06335, 0.92168, -0.00211, 0.38794, 0.38687, -0.06961, -0.91950
0.272031, -0.016, 0.129, -3.177, -0.14686, 0.70146, 0.69103, 0.09421, 0.02722, 0.99712, -0.07080, 0.94178, -0.00183, 0.33623, 0.33513, -0.07583, -0.93911
0.273946, -0.016, 0.129, -3.175, -0.14494, 0.70174, 0.69032, 0.10004, 0.02690, 0.99785, -0.05972, 0.93985, -0.00489, 0.34154, 0.34051, -0.06531, -0.93797
0.275862, -0.016, 0.129, -3.173, -0.13277, 0.70177, 0.68961, 0.11974, 0.02021, 0.99968, -0.01505, 0.93609, -0.01363, 0.35150, 0.35118, -0.02120, -0.93607
0.277778, -0.016, 0.129, -3.185, -0.13664, 0.70264, 0.69170, 0.09585, 0.02474, 0.99822, -0.05434, 0.94583, -0.00577, 0.32461, 0.32372, -0.05942, -0.94429
0.279694, -0.016, 0.129, -3.194, -0.13280, 0.70392, 0.69266, 0.08412, 0.02629, 0.99750, -0.06555, 0.95282, -0.00517, 0.30350, 0.30240, -0.07043, -0.95057
0.281609, -0.015, 0.127, -3.135, -0.18027, 0.69688, 0.68579, 0.10746, 0.03628, 0.99458, -0.09749, 0.91709, 0.00562, 0.39864, 0.39703, -0.10387, -0.91191
0.283525, -0.016, 0.129, -3.183, -0.12837, 0.70299, 0.69114, 0.10793, 0.02136, 0.99944, -0.02570, 0.94402, -0.01170, 0.32968, 0.32919, -0.03131, -0.94374
0.285441, -0.015, 0.127, -3.139, -0.18719, 0.69686, 0.68724, 0.08390, 0.04132, 0.98924, -0.14035, 0.92641, 0.01468, 0.37622, 0.37423, -0.14557, -0.91584
0.287357, -0.015, 0.126, -3.114, -0.19110, 0.69440, 0.68358, 0.11832, 0.03743, 0.99459, -0.09693, 0.90414, 0.00761, 0.42717, 0.42559, -0.10363, -0.89896
0.289272, -0.016, 0.128, -3.169, -0.15010, 0.70064, 0.68965, 0.10469, 0.02685, 0.99782, -0.06033, 0.93496, -0.00371, 0.35472, 0.35372, -0.06593, -0.93302
0.291188, -0.016, 0.129, -3.173, -0.14889, 0.70123, 0.69038, 0.09737, 0.02778, 0.99723, -0.06902, 0.93924, -0.00241, 0.34326, 0.34214, -0.07436, -0.93670
0.293104, -0.016, 0.129, -3.188, -0.10535, 0.70378, 0.69157, 0.12380, 0.01281, 0.99951, 0.02854, 0.94734, -0.02127, 0.31952, 0.31998, 0.02294, -0.94715
0.295019, -0.015, 0.128, -3.152, -0.16909, 0.69887, 0.68779, 0.09966, 0.03403, 0.99506, -0.09330, 0.92765, 0.00329, 0.37343, 0.37189, -0.09926, -0.92295
0.296935, -0.016, 0.128, -3.168, -0.16466, 0.70035, 0.69011, 0.07840, 0.03520, 0.99245, -0.11746, 0.94082, 0.00674, 0.33884, 0.33708, -0.12243, -0.93348
0.298851, -0.016, 0.130, -3.209, -0.11566, 0.70608, 0.69497, 0.07129, 0.02386, 0.99791, -0.06008, 0.96493, -0.00727, 0.26242, 0.26143, -0.06424, -0.96308
0.300767, -0.016, 0.128, -3.152, -0.17022, 0.69862, 0.68828, 0.09607, 0.03408, 0.99439, -0.10010, 0.92898, 0.00541, 0.37008, 0.36855, -0.10560, -0.92359
0.302682, -0.016, 0.129, -3.175, -0.15737, 0.70135, 0.69118, 0.07495, 0.03331, 0.99310, -0.11241, 0.94592, 0.00498, 0.32436, 0.32268, -0.11714, -0.93923
0.304598, -0.016, 0.128, -3.158, -0.16682, 0.69927, 0.68848, 0.09588, 0.03361, 0.99485, -0.09561, 0.93087, 0.00366, 0.36534, 0.36381, -0.10128, -0.92595
0.306514, -0.015, 0.128, -3.154, -0.17909, 0.69881, 0.68871, 0.07264, 0.04080, 0.98857, -0.14516, 0.93653, 0.01279, 0.35035, 0.34820, -0.15024, -0.92530
0.308429, -0.016, 0.129, -3.181, -0.14296, 0.70248, 0.69146, 0.08926, 0.02784, 0.99699, -0.07230, 0.94595, -0.00289, 0.32429, 0.32311, -0.07742, -0.94319
0.310345, -0.016, 0.129, -3.178, -0.12794, 0.70239, 0.69054, 0.11588, 0.01944, 0.99971, -0.01390, 0.94041, -0.01357, 0.33977, 0.33948, -0.01968, -0.94041
0.312261, -0.016, 0.128, -3.155, -0.16532, 0.69914, 0.68812, 0.10185, 0.03225, 0.99585, -0.08511, 0.92850, 0.00167, 0.37133, 0.36993, -0.09100, -0.92459
0.314177, -0.016, 0.128, -3.160, -0.16873, 0.69931, 0.68897, 0.08844, 0.03500, 0.99345, -0.10880, 0.93376, 0.00629, 0.35786, 0.35620, -0.11412, -0.92742
0.316092, -0.015, 0.127, -3.147, -0.18072, 0.69773, 0.68758, 0.08805, 0.03896, 0.99131, -0.12564, 0.92766, 0.01085, 0.37326, 0.37138, -0.13110, -0.91918
0.318008, -0.016, 0.128, -3.168, -0.16140, 0.70086, 0.68977, 0.08338, 0.03452, 0.99379, -0.10578, 0.93996, 0.00368, 0.34127, 0.33954, -0.11121, -0.93400
0.319924, -0.016, 0.128, -3.156, -0.15915, 0.69890, 0.68832, 0.11144, 0.02758, 0.99761, -0.06332, 0.92667, -0.00176, 0.37587, 0.37486, -0.06904, -0.92451
0.321840, -0.016, 0.128, -3.166, -0.14881, 0.70070, 0.68921, 0.10894, 0.02626, 0.99828, -0.05246, 0.93343, -0.00570, 0.35871, 0.35779, -0.05839, -0.93197
0.323755, -0.016, 0.129, -3.180, -0.15035, 0.70194, 0.69123, 0.08291, 0.03065, 0.99534, -0.09147, 0.94548, 0.00082, 0.32569, 0.32425, -0.09647, -0.94104
0.325671, -0.015, 0.126, -3.123, -0.18872, 0.69533, 0.68486, 0.10896, 0.03820, 0.99353, -0.10697, 0.91128, 0.00928, 0.41168, 0.41001, -0.11321, -0.90503
0.327587, -0.016, 0.129, -3.177, -0.14398, 0.70166, 0.69080, 0.09872, 0.02610, 0.99783, -0.06039, 0.94098, -0.00413, 0.33844, 0.33746, -0.06566, -0.93905
0.329502, -0.016, 0.130, -3.196, -0.13830, 0.70396, 0.69319, 0.06926, 0.02937, 0.99512, -0.09422, 0.95680, -0.00072, 0.29073, 0.28925, -0.09869, -0.95215
0.331418, -0.016, 0.129, -3.182, -0.15248, 0.70218, 0.69159, 0.07338, 0.03263, 0.99363, -0.10786, 0.94888, 0.00310, 0.31564, 0.31396, -0.11264, -0.94273
0.333334, -0.016, 0.128, -3.152, -0.16735, 0.69918, 0.68808, 0.09842, 0.03372, 0.99513, -0.09266, 0.92924, 0.00291, 0.36945, 0.36792, -0.09857, -0.92462
0.335250, -0.016, 0.130, -3.216, -0.12093, 0.70631, 0.69612, 0.04382, 0.02699, 0.99395, -0.10647, 0.97275, -0.00158, 0.23183, 0.23026, -0.10982, -0.96691
0.337165, -0.016, 0.127, -3.148, -0.14376, 0.69895, 0.68681, 0.13820, 0.01839, 0.99982, -0.00428, 0.92035, -0.01526, 0.39080, 0.39067, -0.01112, -0.92046
0.339081, -0.016, 0.128, -3.157, -0.16270, 0.69940, 0.68817, 0.10385, 0.03126, 0.99641, -0.07866, 0.92882, 0.00011, 0.37052, 0.36920, -0.08464, -0.92549
0.340997, -0.016, 0.129, -3.190, -0.15129, 0.70286, 0.69298, 0.05376, 0.03379, 0.99039, -0.13412, 0.95786, 0.00621, 0.28717, 0.28525, -0.13817, -0.94844
0.342912, -0.016, 0.128, -3.164, -0.16426, 0.70020, 0.68967, 0.08422, 0.03453, 0.99348, -0.10863, 0.93815, 0.00524, 0.34619, 0.34450, -0.11386, -0.93186
0.344828, -0.016, 0.129, -3.178, -0.15661, 0.70180, 0.69123, 0.07174, 0.03411, 0.99269, -0.11580, 0.94774, 0.00465, 0.31900, 0.31720, -0.12063, -0.94065
0.346744, -0.016, 0.129, -3.178, -0.14631, 0.70197, 0.69115, 0.09022, 0.02835, 0.99674, -0.07558, 0.94393, -0.00181, 0.33013, 0.32892, -0.08070, -0.94090
0.348660, -0.015, 0.126, -3.109, -0.20815, 0.69362, 0.68344, 0.09200, 0.04888, 0.98641, -0.15688, 0.90981, 0.02084, 0.41451, 0.41214, -0.16300, -0.89642
0.350575, -0.016, 0.129, -3.173, -0.16020, 0.70103, 0.69055, 0.07767, 0.03421, 0.99308, -0.11235, 0.94331, 0.00505, 0.33188, 0.33015, -0.11733, -0.93661
0.352491, -0.015, 0.128, -3.153, -0.17890, 0.69848, 0.68851, 0.07797, 0.03975, 0.98971, -0.13742, 0.93392, 0.01210, 0.35729, 0.35528, -0.14255, -0.92383
0.354407, -0.016, 0.129, -3.184, -0.12507, 0.70281, 0.69128, 0.11205, 0.01916, 0.99970, -0.01543, 0.94364, -0.01298, 0.33071, 0.33041, -0.02089, -0.94361
0.356323, -0.016, 0.129, -3.184, -0.12973, 0.70313, 0.69079, 0.10764, 0.02244, 0.99936, -0.02787, 0.94350, -0.01195, 0.33115, 0.33061, -0.03373, -0.94317
0.358238, -0.015, 0.127, -3.131, -0.17937, 0.69626, 0.68534, 0.11560, 0.03389, 0.99581, -0.08489, 0.91287, 0.00373, 0.40823, 0.40683, -0.09133, -0.90892
0.360154, -0.016, 0.128, -3.158, -0.16849, 0.69934, 0.68906, 0.08794, 0.03493, 0.99341, -0.10920, 0.93414, 0.00638, 0.35685, 0.35519, -0.11447, -0.92776
0.362070, -0.016, 0.128, -3.159, -0.14884, 0.69975, 0.68827, 0.12034, 0.02361, 0.99906, -0.03646, 0.92741, -0.00827, 0.37396, 0.37330, -0.04265, -0.92673
0.363985, -0.016, 0.128, -3.156, -0.16642, 0.69911, 0.68835, 0.09863, 0.03290, 0.99529, -0.09121, 0.92963, 0.00304, 0.36847, 0.36701, -0.09692, -0.92515
0.365901, -0.015, 0.128, -3.165, -0.17520, 0.70027, 0.68996, 0.05365, 0.04214, 0.98512, -0.16662, 0.94752, 0.01349, 0.31941, 0.31690, -0.17133, -0.93285
0.367817, -0.016, 0.130, -3.203, -0.12666, 0.70509, 0.69403, 0.07156, 0.02640, 0.99684, -0.07490, 0.96059, -0.00456, 0.27794, 0.27672, -0.07928, -0.95768
0.369733, -0.016, 0.129, -3.180, -0.14242, 0.70231, 0.69098, 0.09499, 0.02705, 0.99762, -0.06339, 0.94351, -0.00453, 0.33131, 0.33024, -0.06878, -0.94139
0.371648, -0.016, 0.129, -3.182, -0.13384, 0.70277, 0.69085, 0.10450, 0.02361, 0.99900, -0.03805, 0.94305, -0.00962, 0.33251, 0.33181, -0.04374, -0.94233
0.373564, -0.015, 0.127, -3.131, -0.18210, 0.69626, 0.68543, 0.11066, 0.03588, 0.99478, -0.09553, 0.91418, 0.00595, 0.40527, 0.40373, -0.10187, -0.90919
0.375480, -0.016, 0.129, -3.191, -0.12091, 0.70376, 0.69242, 0.10326, 0.01978, 0.99956, -0.02210, 0.94962, -0.01187, 0.31317, 0.31277, -0.02718, -0.94944
0.377396, -0.016, 0.129, -3.186, -0.12777, 0.70324, 0.69156, 0.10424, 0.02175, 0.99931, -0.03011, 0.94604, -0.01084, 0.32388, 0.32333, -0.03553, -0.94562
0.379311, -0.016, 0.128, -3.166, -0.15807, 0.70043, 0.68934, 0.09601, 0.03119, 0.99603, -0.08343, 0.93532, 0.00035, 0.35379, 0.35241, -0.08907, -0.93160
0.381227, -0.016, 0.129, -3.174, -0.14793, 0.70133, 0.69028, 0.09883, 0.02749, 0.99747, -0.06561, 0.93899, -0.00326, 0.34393, 0.34285, -0.07106, -0.93670
0.383143, -0.016, 0.129, -3.190, -0.13566, 0.70345, 0.69195, 0.08926, 0.02649, 0.99772, -0.06215, 0.94928, -0.00562, 0.31438, 0.31332, -0.06733, -0.94726
0.385058, -0.016, 0.128, -3.166, -0.16834, 0.69997, 0.69018, 0.07321, 0.03659, 0.99085, -0.12988, 0.94156, 0.00937, 0.33672, 0.33485, -0.13461, -0.93261
0.386974, -0.016, 0.128, -3.169, -0.15491, 0.70079, 0.68954, 0.09712, 0.03020, 0.99653, -0.07752, 0.93635, -0.00107, 0.35106, 0.34976, -0.08319, -0.93314
0.388890, -0.016, 0.128, -3.164, -0.14360, 0.70087, 0.68844, 0.11922, 0.02369, 0.99925, -0.03061, 0.93077, -0.01087, 0.36544, 0.36483, -0.03714, -0.93033
0.390806, -0.016, 0.128, -3.161, -0.15740, 0.69944, 0.68913, 0.10538, 0.02798, 0.99719, -0.06954, 0.93084, -0.00064, 0.36543, 0.36436, -0.07495, -0.92824
0.392721, -0.015, 0.129, -3.172, -0.17306, 0.70069, 0.69171, 0.02487, 0.04185, 0.97796, -0.20456, 0.96074, 0.01682, 0.27694, 0.27427, -0.20812, -0.93886
0.394637, -0.015, 0.128, -3.150, -0.18139, 0.69843, 0.68796, 0.07747, 0.04141, 0.98909, -0.14138, 0.93288, 0.01239, 0.35997, 0.35779, -0.14679, -0.92219
0.396553, -0.016, 0.129, -3.176, -0.16379, 0.70098, 0.69129, 0.06252, 0.03641, 0.98965, -0.13881, 0.94869, 0.00943, 0.31606, 0.31410, -0.14319, -0.93853
0.398468, -0.016, 0.130, -3.195, -0.10779, 0.70466, 0.69242, 0.11133, 0.01632, 0.99984, 0.00762, 0.95183, -0.01787, 0.30609, 0.30618, 0.00226, -0.95197
0.400384, -0.016, 0.130, -3.207, -0.13141, 0.70537, 0.69525, 0.04268, 0.02962, 0.99203, -0.12251, 0.96959, 0.00127, 0.24474, 0.24294, -0.12603, -0.96182
0.402300, -0.016, 0.128, -3.160, -0.16627, 0.69948, 0.68899, 0.09150, 0.03385, 0.99430, -0.10111, 0.93345, 0.00470, 0.35868, 0.35711, -0.10652, -0.92797
0.404216, -0.016, 0.129, -3.173, -0.16127, 0.70090, 0.69048, 0.07733, 0.03453, 0.99285, -0.11430, 0.94296, 0.00553, 0.33287, 0.33112, -0.11928, -0.93602
0.406131, -0.016, 0.129, -3.176, -0.15762, 0.70156, 0.69086, 0.07536, 0.03407, 0.99312, -0.11206, 0.94561, 0.00426, 0.32529, 0.32353, -0.11704, -0.93895
0.408047, -0.016, 0.129, -3.183, -0.13356, 0.70289, 0.69114, 0.10216, 0.02379, 0.99888, -0.04100, 0.94430, -0.00898, 0.32898, 0.32824, -0.04654, -0.94345
0.409963, -0.016, 0.129, -3.174, -0.15383, 0.70121, 0.69072, 0.08690, 0.03071, 0.99541, -0.09064, 0.94194, 0.00151, 0.33578, 0.33438, -0.09569, -0.93757
0.411879, -0.016, 0.129, -3.179, -0.14514, 0.70210, 0.69073, 0.09425, 0.02803, 0.99728, -0.06816, 0.94256, -0.00367, 0.33400, 0.33285, -0.07360, -0.94010
0.413794, -0.016, 0.129, -3.177, -0.15223, 0.70138, 0.69093, 0.08664, 0.03022, 0.99559, -0.08881, 0.94283, 0.00111, 0.33327, 0.33190, -0.09381, -0.93864
0.415710, -0.016, 0.129, -3.178, -0.14704, 0.70174, 0.69077, 0.09373, 0.02811, 0.99704, -0.07159, 0.94191, -0.00244, 0.33586, 0.33469, -0.07687, -0.93919
0.417626, -0.015, 0.128, -3.152, -0.17788, 0.69846, 0.68841, 0.08125, 0.03898, 0.99056, -0.13141, 0.93275, 0.01110, 0.36036, 0.35841, -0.13662, -0.92351
0.419541, -0.016, 0.129, -3.191, -0.14581, 0.70327, 0.69253, 0.06745, 0.03170, 0.99374, -0.10709, 0.95440, 0.00172, 0.29851, 0.29683, -0.11167, -0.94838
0.421457, -0.016, 0.129, -3.182, -0.13581, 0.70257, 0.69108, 0.10179, 0.02409, 0.99871, -0.04469, 0.94341, -0.00792, 0.33153, 0.33074, -0.05015, -0.94239
0.423373, -0.016, 0.130, -3.196, -0.13304, 0.70420, 0.69279, 0.08030, 0.02719, 0.99709, -0.07124, 0.95436, -0.00469, 0.29863, 0.29742, -0.07611, -0.95171
0.425289, -0.016, 0.128, -3.162, -0.14899, 0.69997, 0.68874, 0.11615, 0.02431, 0.99880, -0.04263, 0.92958, -0.00689, 0.36856, 0.36782, -0.04858, -0.92863
0.427204, -0.016, 0.129, -3.178, -0.14236, 0.70194, 0.69063, 0.10023, 0.02596, 0.99810, -0.05592, 0.94102, -0.00553, 0.33830, 0.33734, -0.06141, -0.93938
0.429120, -0.016, 0.129, -3.182, -0.13607, 0.70268, 0.69116, 0.10013, 0.02455, 0.99858, -0.04738, 0.94407, -0.00756, 0.32964, 0.32882, -0.05282, -0.94292
0.431036, -0.016, 0.128, -3.168, -0.14623, 0.70085, 0.68940, 0.11020, 0.02516, 0.99857, -0.04715, 0.93411, -0.00668, 0.35691, 0.35609, -0.05303, -0.93295
0.432951, -0.016, 0.128, -3.161, -0.14308, 0.70008, 0.68837, 0.12474, 0.02116, 0.99953, -0.02234, 0.92813, -0.01133, 0.37207, 0.37164, -0.02861, -0.92794
0.434867, -0.015, 0.127, -3.139, -0.18502, 0.69718, 0.68669, 0.09038, 0.04059, 0.99093, -0.12808, 0.92405, 0.01154, 0.38210, 0.38012, -0.13386, -0.91520
0.436783, -0.016, 0.128, -3.169, -0.16459, 0.70075, 0.69050, 0.07124, 0.03628, 0.99118, -0.12746, 0.94428, 0.00775, 0.32906, 0.32714, -0.13229, -0.93567
0.438699, -0.016, 0.128, -3.150, -0.14861, 0.69883, 0.68687, 0.13324, 0.02091, 0.99962, -0.01793, 0.92042, -0.01224, 0.39075, 0.39038, -0.02467, -0.92032
0.440614, -0.015, 0.128, -3.156, -0.17653, 0.69887, 0.68859, 0.07910, 0.03916, 0.99040, -0.13257, 0.93455, 0.01065, 0.35568, 0.35368, -0.13782, -0.92516
0.442530, -0.016, 0.130, -3.205, -0.12960, 0.70502, 0.69441, 0.06284, 0.02768, 0.99543, -0.09138, 0.96286, -0.00199, 0.27001, 0.26860, -0.09546, -0.95851
0.444446, -0.016, 0.131, -3.220, 0.07600, 0.70787, 0.69963, -0.06049, 0.01372, 0.99969, 0.02070, 0.98130, -0.00948, -0.19224, -0.19199, 0.02295, -0.98113
0.446362, -0.016, 0.128, -3.162, -0.16691, 0.69973, 0.68931, 0.08581, 0.03496, 0.99331, -0.11002, 0.93602, 0.00603, 0.35189, 0.35020, -0.11528, -0.92955
0.448277, -0.015, 0.127, -3.147, -0.17142, 0.69798, 0.68745, 0.10414, 0.03312, 0.99536, -0.09030, 0.92395, 0.00395, 0.38248, 0.38106, -0.09611, -0.91954
0.450193, -0.015, 0.126, -3.110, -0.20472, 0.69391, 0.68371, 0.09550, 0.04684, 0.98797, -0.14741, 0.90976, 0.01874, 0.41471, 0.41248, -0.15353, -0.89793
0.452109, -0.016, 0.129, -3.181, -0.15832, 0.70212, 0.69184, 0.05757, 0.03608, 0.98974, -0.13822, 0.95328, 0.00743, 0.30199, 0.29992, -0.14266, -0.94324
0.454024, -0.016, 0.129, -3.175, -0.15893, 0.70129, 0.69068, 0.07674, 0.03415, 0.99313, -0.11191, 0.94435, 0.00460, 0.32892, 0.32717, -0.11691, -0.93770
0.455940, -0.016, 0.128, -3.160, -0.15324, 0.69976, 0.68875, 0.11168, 0.02631, 0.99815, -0.05480, 0.92969, -0.00428, 0.36831, 0.36739, -0.06063, -0.92809
0.457856, -0.016, 0.128, -3.165, -0.15904, 0.70063, 0.68964, 0.09065, 0.03235, 0.99520, -0.09234, 0.93753, 0.00180, 0.34789, 0.34639, -0.09782, -0.93298
0.459772, -0.016, 0.128, -3.161, -0.16314, 0.69975, 0.68914, 0.09392, 0.03254, 0.99509, -0.09342, 0.93381, 0.00306, 0.35776, 0.35629, -0.09888, -0.92913
0.461687, -0.016, 0.128, -3.170, -0.14167, 0.70121, 0.68948, 0.11338, 0.02353, 0.99906, -0.03635, 0.93481, -0.00910, 0.35504, 0.35437, -0.04234, -0.93414
0.463603, -0.016, 0.129, -3.174, -0.14474, 0.70165, 0.69030, 0.10111, 0.02654, 0.99797, -0.05794, 0.93943, -0.00508, 0.34271, 0.34172, -0.06353, -0.93765
0.465519, -0.016, 0.129, -3.181, -0.14378, 0.70261, 0.69102, 0.09034, 0.02866, 0.99701, -0.07175, 0.94505, -0.00365, 0.32689, 0.32565, -0.07718, -0.94233
0.467434, -0.016, 0.129, -3.189, -0.14094, 0.70337, 0.69239, 0.07754, 0.02918, 0.99586, -0.08609, 0.95214, -0.00147, 0.30565, 0.30426, -0.09089, -0.94824
0.469350, -0.016, 0.129, -3.187, -0.14247, 0.70261, 0.69229, 0.08229, 0.02792, 0.99627, -0.08164, 0.94938, -0.00086, 0.31414, 0.31290, -0.08627, -0.94586
0.471266, -0.015, 0.128, -3.167, -0.17446, 0.70024, 0.69049, 0.04945, 0.04156, 0.98428, -0.17167, 0.94977, 0.01443, 0.31262, 0.31018, -0.17604, -0.93424
0.473182, -0.016, 0.129, -3.180, -0.13401, 0.70244, 0.69091, 0.10615, 0.02276, 0.99909, -0.03605, 0.94219, -0.00938, 0.33495, 0.33431, -0.04159, -0.94155
0.475097, -0.016, 0.127, -3.147, -0.15249, 0.69874, 0.68709, 0.12812, 0.02299, 0.99927, -0.03049, 0.92112, -0.00931, 0.38917, 0.38860, -0.03703, -0.92066
0.477013, -0.016, 0.129, -3.179, -0.14400, 0.70242, 0.69101, 0.09148, 0.02826, 0.99711, -0.07050, 0.94442, -0.00352, 0.32872, 0.32753, -0.07588, -0.94179
0.478929, -0.016, 0.130, -3.202, -0.00523, 0.70407, 0.69860, -0.12737, -0.00853, 0.98239, -0.18667, 0.98505, -0.02386, -0.17059, -0.17204, -0.18533, -0.96750
0.480845, -0.016, 0.129, -3.186, -0.14033, 0.70283, 0.69181, 0.08793, 0.02733, 0.99713, -0.07056, 0.94778, -0.00341, 0.31892, 0.31776, -0.07559, -0.94515
0.482760, -0.016, 0.128, -3.167, -0.16066, 0.70060, 0.68992, 0.08577, 0.03331, 0.99428, -0.10150, 0.93916, 0.00360, 0.34347, 0.34187, -0.10677, -0.93366
0.484676, -0.015, 0.128, -3.151, -0.17883, 0.69863, 0.68799, 0.08126, 0.04013, 0.99037, -0.13253, 0.93224, 0.01062, 0.36169, 0.35961, -0.13807, -0.92283
0.486592, -0.015, 0.127, -3.144, -0.17852, 0.69750, 0.68722, 0.09670, 0.03676, 0.99320, -0.11046, 0.92415, 0.00828, 0.38195, 0.38026, -0.11612, -0.91756
0.488507, -0.016, 0.129, -3.193, -0.13046, 0.70396, 0.69276, 0.08662, 0.02516, 0.99795, -0.05881, 0.95275, -0.00612, 0.30369, 0.30271, -0.06367, -0.95095
0.490423, -0.016, 0.128, -3.171, -0.15697, 0.70086, 0.69042, 0.08644, 0.03169, 0.99492, -0.09559, 0.94064, 0.00265, 0.33940, 0.33793, -0.10067, -0.93577
0.492339, -0.016, 0.128, -3.171, -0.16298, 0.70082, 0.69055, 0.07366, 0.03543, 0.99192, -0.12185, 0.94390, 0.00684, 0.33017, 0.32833, -0.12671, -0.93602
0.494255, -0.015, 0.128, -3.164, -0.17568, 0.69986, 0.69023, 0.05412, 0.04132, 0.98513, -0.16676, 0.94710, 0.01455, 0.32060, 0.31826, -0.17119, -0.93242
0.496170, -0.016, 0.128, -3.162, -0.16922, 0.69982, 0.68916, 0.08173, 0.03677, 0.99223, -0.11884, 0.93691, 0.00714, 0.34950, 0.34763, -0.12419, -0.92937
