%YAML:1.0
---
calibration_time: "Sun 09 Aug 2020 03:05:54 PM EDT"
nr_of_frames: 23
image_width: 720
image_height: 540
board_width: 9
board_height: 7
square_size: 1.9999999552965164e-02
fix_aspect_ratio: 0.
# flags: +fix_skew +fix_k3 +fix_k4 +recompute_extrinsic
flags: 202
fisheye_model: 1
camera_matrix: !!opencv-matrix
   rows: 3
   cols: 3
   dt: d
   data: [ 3.7318068303965794e+02, 0., 3.7920704635282283e+02, 0.,
       3.7204398462139523e+02, 2.8413369998944796e+02, 0., 0., 1. ]
distortion_coefficients: !!opencv-matrix
   rows: 4
   cols: 1
   dt: d
   data: [ -4.1659261548318005e-02, -5.6876260403812100e-03, 0., 0. ]
avg_reprojection_error: 2.7636886590814191e-01
per_view_reprojection_errors: !!opencv-matrix
   rows: 23
   cols: 1
   dt: f
   data: [ 2.08867565e-01, 1.87557802e-01, 1.70419961e-01,
       2.25267649e-01, 2.41143346e-01, 2.45009720e-01, 1.43677413e-01,
       1.46380141e-01, 2.60321587e-01, 2.27396995e-01, 2.58711159e-01,
       2.18108445e-01, 2.52452433e-01, 2.46906057e-01, 2.72262812e-01,
       2.96465874e-01, 3.09247762e-01, 3.34444374e-01, 3.32896143e-01,
       3.62940878e-01, 3.84913117e-01, 3.72187167e-01, 4.24834222e-01 ]
# a set of 6-tuples (rotation vector + translation vector) for each view
extrinsic_parameters: !!opencv-matrix
   rows: 23
   cols: 6
   dt: d
   data: [ 1.0383890834941198e-01, 1.1367732092868020e-01,
       -7.8573359150615908e-03, -2.1961775483042581e-02,
       -1.2528897394504840e-01, 3.9016626189607273e-01,
       1.1980807234732514e-01, 1.0221970917384271e-01,
       2.6830020416120350e-02, -2.0565810372786795e-02,
       -1.2080948006146557e-01, 3.4704124525509300e-01,
       1.3760033470749927e-01, 1.1524971939503152e-01,
       3.3041458857727274e-02, -5.9793982486464545e-03,
       -1.2985552395598171e-01, 3.1479860683599448e-01,
       1.4096082921302247e-01, 1.1824722952031941e-01,
       3.8371980502994681e-02, 4.4301073928568061e-03,
       -1.2822438838141748e-01, 2.9799032069603815e-01,
       1.4624338342301627e-01, 1.2285740391918215e-01,
       2.7676965658505363e-02, 1.5751207175170350e-02,
       -1.2525934544468681e-01, 2.9350883530933497e-01,
       1.5147702180459119e-01, 1.1951078665080060e-01,
       4.9304152916792091e-03, 1.8820976347748115e-02,
       -1.2728729614804402e-01, 2.8947725585124184e-01,
       1.4877948057037163e-01, 1.3023876807272133e-01,
       2.4981029351134800e-03, 3.6272442858786218e-02,
       -1.3340809603152257e-01, 2.8578947174726765e-01,
       1.6607383645256626e-01, 1.5731812941838272e-01,
       -2.9044308335296587e-02, 5.9484512441754088e-02,
       -1.5770316258233305e-01, 2.7691307761127049e-01,
       1.2926680759688491e-01, 8.4612038328641237e-01,
       3.0095225737427445e+00, 7.1428885046427110e-02,
       5.0320055136270407e-02, 1.8677497566090057e-01,
       1.2809789718958842e-01, 8.5300657676537184e-01,
       3.0163224004972995e+00, 7.3364751460721356e-02,
       5.6874730814243074e-02, 1.8413579422223891e-01,
       -1.5108717828456789e-01, -8.5230391660639626e-01,
       -3.0155861986275569e+00, 8.8452679491427141e-02,
       6.1037502329993922e-02, 1.7737850617581849e-01,
       -5.4523374599795471e-01, 1.0410042167465323e-01,
       -2.6211608005881227e-03, -5.4696768627101412e-02,
       -4.0722185191126192e-02, 2.5423903296171174e-01,
       -5.4088858159155162e-01, 1.0858468336661699e-01,
       -1.0017476739130645e-02, -4.0858409420741398e-02,
       -4.7100661780081488e-02, 2.5214595668135015e-01,
       4.6881276579311160e-01, 1.1303436570750340e-01,
       4.8755154134639440e-02, -4.1592119788876308e-02,
       -9.7635727661224747e-02, 1.6341719935827470e-01,
       4.6587252488735931e-01, 9.2840254378424608e-02,
       -1.2926963884170537e-02, -5.2609223413586689e-02,
       -1.0240625125097355e-01, 1.5837877670015527e-01,
       4.5439622956612397e-01, 9.1128997187659350e-02,
       -3.7696090805491099e-02, -5.0054873806560596e-02,
       -1.0243206664282101e-01, 1.5350260502020710e-01,
       1.2883449647321876e-01, -4.9288383207290187e-01,
       -4.9270969441272537e-02, -9.4680517535863484e-02,
       -5.9287475479416298e-02, 9.8846514517209744e-02,
       1.3430931326644044e-01, -4.2433270159822506e-01,
       -1.9603723744567873e-02, -8.4902833230791730e-02,
       -6.3861426784589628e-02, 1.0187526663155999e-01,
       1.4454746199639718e-01, -3.2733316163967724e-01,
       -6.6002994401193138e-03, -6.7512617604019234e-02,
       -7.0327057367271600e-02, 1.0974710178674507e-01,
       1.4034864881080741e-01, -1.0886126426903228e-01,
       -9.4175146365767046e-03, -1.0050370132435418e-01,
       -6.3515462088383060e-02, 9.7101481873879930e-02,
       1.4825592293413434e-01, -1.0204867141416631e-01,
       -5.3866320847413833e-04, -9.6606669317526733e-02,
       -6.6154363428294380e-02, 9.1961566775075318e-02,
       1.4934220296607795e-01, -1.0022037825725741e-01,
       1.9992770752584824e-02, -9.5218977644477329e-02,
       -6.2382609804266763e-02, 9.2300778885146276e-02,
       1.4784766590059220e-01, -1.0104661104042906e-01,
       2.2385954603303074e-02, -9.7933921742720836e-02,
       -5.8431734858836334e-02, 9.5458507354104660e-02 ]
