t_ms, x_m, y_m, z_m, qw, qx, qy, qz, R00, R01, R02, R10, R11, R12, R20, R21, R22
0.687740, -0.747, 0.264, -0.895, 0.11206, 0.87991, 0.37720, 0.26630, 0.57361, 0.60412, 0.55318, 0.72349, -0.69033, 0.00370, 0.38411, 0.39810, -0.83305
0.689655, -0.749, 0.268, -0.906, 0.05955, 0.90224, 0.32097, 0.28178, 0.63516, 0.54562, 0.54669, 0.61274, -0.78687, 0.07342, 0.47023, 0.28835, -0.83411
0.691571, -0.695, 0.251, -0.848, 0.08855, 0.90246, 0.31606, 0.27897, 0.64456, 0.52106, 0.55950, 0.61987, -0.78453, 0.01652, 0.44755, 0.33617, -0.82867
0.693487, -0.644, 0.235, -0.793, 0.06180, 0.91279, 0.26791, 0.30204, 0.67400, 0.45175, 0.58450, 0.52642, -0.84881, 0.04901, 0.51828, 0.27466, -0.80991
0.695403, -0.616, 0.228, -0.766, 0.09161, 0.91403, 0.26801, 0.29039, 0.68768, 0.43674, 0.57996, 0.54315, -0.83955, -0.01181, 0.48175, 0.32313, -0.81456
0.697318, -0.532, 0.199, -0.667, 0.03842, 0.92120, 0.19470, 0.33467, 0.70018, 0.33301, 0.63155, 0.38444, -0.92123, 0.05953, 0.60163, 0.20111, -0.77304
0.699234, -0.507, 0.192, -0.642, 0.04637, 0.92333, 0.18117, 0.33538, 0.70939, 0.30346, 0.63614, 0.36567, -0.93005, 0.03590, 0.60254, 0.20715, -0.77074
0.741379, -0.684, 0.350, -1.187, -0.09692, 0.74203, -0.65310, 0.11599, 0.12002, -0.94676, 0.29873, -0.99173, -0.12814, -0.00767, 0.04554, -0.29534, -0.95431
0.743295, -0.668, 0.347, -1.181, -0.10629, 0.70967, -0.68868, 0.10393, 0.02985, -0.95537, 0.29391, -0.99955, -0.02885, 0.00772, 0.00111, -0.29401, -0.95580
0.745211, -0.653, 0.344, -1.175, 0.12357, -0.67376, 0.72366, -0.08430, -0.06157, -0.95430, 0.29243, -0.99597, 0.07790, 0.04450, -0.06525, -0.28851, -0.95525
0.747126, -0.594, 0.319, -1.090, 0.12222, -0.64721, 0.73778, -0.14786, -0.13237, -0.91885, 0.37175, -0.99114, 0.11851, -0.05997, 0.01105, -0.37639, -0.92640
0.749042, -0.607, 0.331, -1.134, 0.12277, -0.61247, 0.77503, -0.09564, -0.21962, -0.92587, 0.30746, -0.97284, 0.23147, 0.00214, -0.07315, -0.29863, -0.95156
0.750958, -0.583, 0.323, -1.111, 0.11789, -0.58450, 0.79543, -0.10837, -0.28892, -0.90431, 0.31423, -0.95542, 0.29323, -0.03458, -0.06087, -0.31021, -0.94872
0.752873, -0.552, 0.311, -1.072, 0.12755, -0.55090, 0.81510, -0.12588, -0.36047, -0.86597, 0.34662, -0.93020, 0.36132, -0.06467, -0.06923, -0.34574, -0.93577
0.754789, -0.547, 0.313, -1.083, 0.13022, -0.51755, 0.83949, -0.10220, -0.43038, -0.84233, 0.32442, -0.89557, 0.44341, -0.03680, -0.11285, -0.30638, -0.94520
0.756705, -0.541, 0.316, -1.095, 0.12810, -0.48307, 0.86226, -0.08210, -0.50046, -0.81203, 0.30023, -0.85410, 0.51980, -0.01781, -0.14160, -0.26535, -0.95370
0.758620, -0.530, 0.315, -1.094, 0.11672, -0.45310, 0.88000, -0.08175, -0.56216, -0.77836, 0.27951, -0.81653, 0.57604, -0.03811, -0.13135, -0.24965, -0.95939
0.760536, -0.528, 0.319, -1.112, 0.09450, -0.42374, 0.89816, -0.06943, -0.62304, -0.74804, 0.22860, -0.77429, 0.63126, -0.04463, -0.11092, -0.20481, -0.97250
0.762452, -0.517, 0.318, -1.114, 0.08018, -0.39332, 0.91341, -0.06742, -0.67774, -0.70772, 0.19950, -0.72934, 0.68151, -0.06009, -0.09344, -0.18623, -0.97805
0.764367, -0.515, 0.323, -1.134, 0.07290, -0.35542, 0.93105, -0.03885, -0.73673, -0.65616, 0.16337, -0.66749, 0.74434, -0.02051, -0.10814, -0.12416, -0.98635
0.766283, -0.502, 0.320, -1.129, 0.11993, -0.30113, 0.94596, 0.01000, -0.78987, -0.57212, 0.22087, -0.56732, 0.81844, 0.09115, -0.23292, -0.05331, -0.97103
0.768199, -0.506, 0.329, -1.164, 0.04467, -0.28307, 0.95806, 0.00136, -0.83576, -0.54251, 0.08482, -0.54227, 0.83974, 0.02789, -0.08636, -0.02268, -0.99601
0.770115, -0.486, 0.322, -1.143, 0.09331, -0.23414, 0.96765, 0.01119, -0.87295, -0.45521, 0.17535, -0.45103, 0.89011, 0.06536, -0.18583, -0.02203, -0.98233
0.772030, -0.475, 0.321, -1.144, 0.10242, -0.19278, 0.97551, 0.02707, -0.90469, -0.38166, 0.18938, -0.37057, 0.92421, 0.09230, -0.21026, 0.01333, -0.97755
0.773946, -0.473, 0.326, -1.166, 0.08627, -0.15176, 0.98291, 0.05844, -0.93906, -0.30841, 0.15185, -0.28824, 0.94711, 0.14107, -0.18732, 0.08870, -0.97829
0.775862, -0.446, 0.314, -1.127, 0.15254, -0.09160, 0.97877, 0.10172, -0.93668, -0.21035, 0.27997, -0.14828, 0.96252, 0.22707, -0.31725, 0.17117, -0.93277
0.777777, -0.441, 0.317, -1.142, 0.13181, -0.06787, 0.98757, 0.05227, -0.95604, -0.14784, 0.25324, -0.12028, 0.98532, 0.12114, -0.26743, 0.08535, -0.95979
0.779693, -0.426, 0.312, -1.130, 0.15433, -0.00985, 0.97949, 0.12917, -0.95217, -0.05917, 0.29979, 0.02057, 0.96643, 0.25609, -0.30488, 0.25001, -0.91899
0.781609, -0.417, 0.313, -1.135, 0.15410, 0.02952, 0.97871, 0.13234, -0.95077, 0.01701, 0.30944, 0.09858, 0.96323, 0.24995, -0.29382, 0.26814, -0.91748
0.783524, -0.405, 0.311, -1.131, 0.16386, 0.07307, 0.97285, 0.14622, -0.93562, 0.09425, 0.34019, 0.19009, 0.94656, 0.26055, -0.29745, 0.30844, -0.90354
0.785440, -0.392, 0.308, -1.125, 0.17744, 0.10998, 0.96967, 0.12711, -0.91283, 0.16819, 0.37208, 0.25841, 0.94349, 0.20747, -0.31616, 0.28554, -0.90472
0.787356, -0.376, 0.303, -1.110, 0.19562, 0.15560, 0.95720, 0.14593, -0.87505, 0.24078, 0.41990, 0.35496, 0.90899, 0.21849, -0.32907, 0.34024, -0.88088
0.789271, -0.363, 0.299, -1.099, 0.20709, 0.19570, 0.94703, 0.14815, -0.83763, 0.30931, 0.45022, 0.43202, 0.87951, 0.19955, -0.33425, 0.36165, -0.87033
0.791187, -0.351, 0.298, -1.096, 0.21980, 0.22759, 0.94260, 0.10680, -0.79978, 0.38211, 0.46297, 0.47600, 0.87359, 0.10128, -0.36575, 0.30138, -0.88057
0.793103, -0.340, 0.296, -1.094, 0.22494, 0.26668, 0.93038, 0.11259, -0.75657, 0.44558, 0.47860, 0.54688, 0.83241, 0.08952, -0.35850, 0.32947, -0.87346
0.795019, -0.326, 0.292, -1.082, 0.22873, 0.31466, 0.90761, 0.15786, -0.69734, 0.49897, 0.51453, 0.64340, 0.75213, 0.14260, -0.31584, 0.43049, -0.84553
0.796934, -0.318, 0.293, -1.089, 0.23413, 0.34686, 0.90050, 0.11820, -0.64974, 0.56935, 0.50367, 0.68005, 0.73143, 0.05045, -0.33967, 0.37530, -0.86242
0.798850, -0.304, 0.288, -1.074, 0.24415, 0.38722, 0.87856, 0.13631, -0.58090, 0.61384, 0.53457, 0.74695, 0.66296, 0.05042, -0.32344, 0.42859, -0.84362
0.800766, -0.294, 0.287, -1.074, 0.24218, 0.42554, 0.85934, 0.14763, -0.52053, 0.65986, 0.54188, 0.80287, 0.59425, 0.04761, -0.29060, 0.45984, -0.83911
0.802681, -0.287, 0.289, -1.084, 0.23627, 0.46206, 0.84306, 0.14119, -0.46135, 0.71237, 0.52885, 0.84580, 0.53313, 0.01971, -0.26791, 0.45640, -0.84849
0.804597, -0.284, 0.296, -1.112, 0.21839, 0.49513, 0.83323, 0.11348, -0.41430, 0.77555, 0.47632, 0.87468, 0.48393, -0.02716, -0.25157, 0.40538, -0.87885
0.806513, -0.268, 0.290, -1.090, 0.23528, 0.52910, 0.80795, 0.10915, -0.32939, 0.80361, 0.49570, 0.90633, 0.41628, -0.07260, -0.26469, 0.42535, -0.86545
0.808428, -0.267, 0.299, -1.128, 0.20150, 0.56615, 0.79115, 0.11381, -0.27775, 0.84995, 0.44770, 0.94168, 0.33305, -0.04808, -0.18997, 0.40823, -0.89289
0.810344, -0.256, 0.297, -1.124, 0.20174, 0.60022, 0.76617, 0.10964, -0.19808, 0.87550, 0.44075, 0.96398, 0.25544, -0.07417, -0.17752, 0.41018, -0.89456
0.812260, -0.246, 0.296, -1.125, 0.19010, 0.63648, 0.73423, 0.14024, -0.11751, 0.88132, 0.45767, 0.98796, 0.15046, -0.03606, -0.10065, 0.44792, -0.88839
0.814175, -0.236, 0.297, -1.130, 0.19181, 0.66418, 0.71585, 0.09818, -0.04416, 0.91324, 0.40503, 0.98856, 0.09846, -0.11423, -0.14420, 0.39535, -0.90714
0.816091, -0.226, 0.296, -1.132, 0.18574, 0.69247, 0.69064, 0.09490, 0.02802, 0.92124, 0.38799, 0.99174, 0.02297, -0.12616, -0.12513, 0.38832, -0.91299
0.818007, -0.217, 0.296, -1.136, 0.16998, 0.72553, 0.65711, 0.11369, 0.11057, 0.91485, 0.38836, 0.99215, -0.07863, -0.09724, -0.05842, 0.39606, -0.91636
0.819923, -0.206, 0.295, -1.134, 0.15341, 0.75451, 0.62146, 0.14480, 0.18564, 0.89337, 0.40917, 0.98222, -0.18051, -0.05152, 0.02783, 0.41146, -0.91100
0.821838, -0.193, 0.290, -1.120, 0.16293, 0.77889, 0.58829, 0.14384, 0.26644, 0.86957, 0.41577, 0.96331, -0.25473, -0.08457, 0.03237, 0.42304, -0.90553
0.823754, -0.190, 0.301, -1.162, 0.11386, 0.80893, 0.56588, 0.11161, 0.33465, 0.89009, 0.30943, 0.94092, -0.33364, -0.05789, 0.05171, 0.31053, -0.94916
0.825670, -0.177, 0.296, -1.148, 0.13169, 0.82920, 0.53243, 0.10771, 0.40984, 0.85461, 0.31886, 0.91135, -0.39835, -0.10370, 0.03840, 0.33309, -0.94211
0.827585, -0.167, 0.295, -1.149, 0.10460, 0.85193, 0.49266, 0.14342, 0.47344, 0.80941, 0.34743, 0.86942, -0.49269, -0.03691, 0.14130, 0.31954, -0.93698
0.829501, -0.156, 0.293, -1.146, 0.10791, 0.87188, 0.45894, 0.13248, 0.54364, 0.77169, 0.33006, 0.82888, -0.55545, -0.06657, 0.13197, 0.30977, -0.94161
0.831417, -0.144, 0.290, -1.137, 0.10887, 0.88900, 0.42172, 0.14137, 0.60433, 0.71903, 0.34319, 0.78060, -0.62060, -0.07434, 0.15953, 0.31282, -0.93632
0.833332, -0.136, 0.294, -1.156, 0.09390, 0.90891, 0.39248, 0.10504, 0.66985, 0.69372, 0.26465, 0.73318, -0.67429, -0.08825, 0.11723, 0.25315, -0.96030
0.835248, -0.125, 0.291, -1.147, 0.08186, 0.92266, 0.35074, 0.13778, 0.71599, 0.62468, 0.31166, 0.66979, -0.74056, -0.05440, 0.19682, 0.24770, -0.94863
0.837164, -0.115, 0.291, -1.152, 0.07584, 0.93690, 0.31506, 0.13115, 0.76707, 0.57047, 0.29354, 0.61026, -0.78997, -0.05947, 0.19797, 0.22475, -0.95410
0.839079, -0.105, 0.291, -1.155, 0.04832, 0.94952, 0.27399, 0.14491, 0.80786, 0.50632, 0.30167, 0.53433, -0.84519, -0.01235, 0.24872, 0.17117, -0.95333
0.840995, -0.095, 0.289, -1.154, 0.04341, 0.95920, 0.23525, 0.15069, 0.84390, 0.43822, 0.30951, 0.46438, -0.88555, -0.01237, 0.26867, 0.15417, -0.95081
0.842911, -0.084, 0.287, -1.147, 0.06486, 0.96740, 0.19684, 0.14558, 0.88012, 0.36196, 0.30721, 0.39972, -0.91410, -0.06818, 0.25614, 0.18280, -0.94920
0.844827, -0.074, 0.287, -1.155, 0.03822, 0.97484, 0.15747, 0.15305, 0.90356, 0.29532, 0.31044, 0.31871, -0.94749, -0.02631, 0.28637, 0.12271, -0.95023
0.846742, -0.065, 0.288, -1.161, 0.01955, 0.98047, 0.11733, 0.15662, 0.92341, 0.22396, 0.31171, 0.23621, -0.97170, -0.00159, 0.30253, 0.07510, -0.95018
0.848658, -0.054, 0.286, -1.160, -0.00095, 0.98237, 0.07464, 0.17140, 0.93011, 0.14697, 0.33661, 0.14632, -0.98886, 0.02746, 0.33689, 0.02371, -0.94124
0.850574, -0.044, 0.287, -1.168, 0.01005, 0.98727, 0.03829, 0.15404, 0.94961, 0.07250, 0.30493, 0.07869, -0.99687, -0.00805, 0.30339, 0.03164, -0.95234
0.852489, -0.034, 0.287, -1.172, -0.00288, 0.98799, -0.00239, 0.15447, 0.95227, -0.00382, 0.30524, -0.00560, -0.99997, 0.00496, 0.30522, -0.00643, -0.95226
0.854405, -0.025, 0.288, -1.182, -0.02936, 0.98691, -0.04278, 0.15269, 0.94971, -0.07548, 0.30390, -0.09341, -0.99461, 0.04490, 0.29888, -0.07103, -0.95164
0.856321, -0.014, 0.285, -1.173, -0.01337, 0.98117, -0.08500, 0.17290, 0.92576, -0.16217, 0.34156, -0.17142, -0.98519, -0.00315, 0.33702, -0.05563, -0.93985
0.858236, -0.004, 0.283, -1.172, -0.03197, 0.97349, -0.12679, 0.18765, 0.89743, -0.23486, 0.37346, -0.25886, -0.96580, 0.01467, 0.35724, -0.10983, -0.92753
0.860152, 0.006, 0.284, -1.180, -0.05386, 0.96566, -0.16710, 0.19151, 0.87081, -0.30209, 0.38786, -0.34335, -0.93836, 0.04002, 0.35186, -0.16802, -0.92085
0.862068, 0.015, 0.281, -1.171, -0.04509, 0.95338, -0.20928, 0.21269, 0.82193, -0.37987, 0.42442, -0.41823, -0.90834, -0.00306, 0.38668, -0.17499, -0.90546
0.863984, 0.025, 0.278, -1.167, -0.06007, 0.93999, -0.24967, 0.22466, 0.77438, -0.44239, 0.45235, -0.49637, -0.86811, 0.00075, 0.39236, -0.22512, -0.89184
0.865899, 0.035, 0.279, -1.173, -0.06127, 0.92956, -0.28834, 0.22143, 0.73566, -0.50892, 0.44699, -0.56319, -0.82621, -0.01379, 0.37633, -0.24159, -0.89443
0.867815, 0.045, 0.279, -1.179, -0.05785, 0.91704, -0.32656, 0.22147, 0.68861, -0.57332, 0.44397, -0.62457, -0.78002, -0.03856, 0.36841, -0.25074, -0.89521
0.869731, 0.055, 0.278, -1.181, -0.08617, 0.89845, -0.36523, 0.22796, 0.62928, -0.61700, 0.47256, -0.69557, -0.71836, -0.01168, 0.34667, -0.32135, -0.88122
0.871646, 0.067, 0.284, -1.212, -0.06382, 0.89553, -0.40247, 0.17880, 0.61210, -0.69803, 0.37161, -0.74367, -0.66789, -0.02962, 0.26886, -0.25822, -0.92792
0.873562, 0.075, 0.278, -1.195, -0.07170, 0.86946, -0.43983, 0.21316, 0.52222, -0.73427, 0.43375, -0.79541, -0.60281, -0.06283, 0.30760, -0.31220, -0.89884
0.875478, 0.084, 0.274, -1.183, -0.04970, 0.84504, -0.47775, 0.23492, 0.43314, -0.78409, 0.44452, -0.83079, -0.53857, -0.14046, 0.34954, -0.30846, -0.88469
0.877393, 0.096, 0.279, -1.208, -0.06969, 0.83015, -0.51278, 0.20749, 0.38802, -0.82245, 0.41597, -0.88028, -0.46441, -0.09709, 0.27303, -0.32849, -0.90418
0.879309, 0.104, 0.272, -1.184, -0.05392, 0.79957, -0.54674, 0.24259, 0.28445, -0.84816, 0.44690, -0.90048, -0.39633, -0.17905, 0.32898, -0.35149, -0.87648
0.881225, 0.117, 0.279, -1.222, -0.03120, 0.79086, -0.58277, 0.18425, 0.25287, -0.91028, 0.32780, -0.93327, -0.31882, -0.16539, 0.25506, -0.26410, -0.93016
0.883140, 0.127, 0.279, -1.227, -0.03227, 0.76568, -0.61644, 0.18084, 0.17461, -0.93231, 0.31671, -0.95565, -0.23793, -0.17354, 0.23714, -0.27237, -0.93251
0.885056, 0.137, 0.276, -1.224, -0.01624, 0.73767, -0.64824, 0.18808, 0.08883, -0.95026, 0.29853, -0.96247, -0.15905, -0.21988, 0.25642, -0.26779, -0.92873
0.886972, 0.147, 0.277, -1.234, -0.03559, 0.71061, -0.67916, 0.18030, 0.01247, -0.95240, 0.30459, -0.97807, -0.07495, -0.19432, 0.20790, -0.29549, -0.93245
0.888888, 0.154, 0.271, -1.211, -0.03554, -0.68252, 0.70669, -0.18301, -0.06580, -0.97767, 0.19959, -0.95166, 0.00134, -0.30717, 0.30004, -0.21015, -0.93049
0.890803, 0.167, 0.275, -1.238, -0.00294, -0.65625, 0.73818, -0.15626, -0.13866, -0.96978, 0.20075, -0.96794, 0.08984, -0.23455, 0.20943, -0.22684, -0.95115
0.892719, 0.177, 0.274, -1.241, 0.05946, -0.61510, 0.76361, -0.18715, -0.23624, -0.91713, 0.32104, -0.96164, 0.17326, -0.21267, 0.13942, -0.35897, -0.92288
0.894635, 0.187, 0.273, -1.244, 0.02959, -0.58562, 0.79133, -0.17314, -0.31235, -0.91659, 0.24961, -0.93708, 0.25415, -0.23937, 0.15596, -0.30867, -0.93830
0.896550, 0.195, 0.269, -1.236, 0.03390, -0.54782, 0.81466, -0.18729, -0.39749, -0.87987, 0.26043, -0.90527, 0.32964, -0.26801, 0.14997, -0.34229, -0.92755
0.898466, 0.208, 0.272, -1.258, 0.04662, -0.51883, 0.83972, -0.15334, -0.45728, -0.85705, 0.23741, -0.88564, 0.41460, -0.20915, 0.08082, -0.30590, -0.94863
0.900382, 0.218, 0.271, -1.263, 0.05258, -0.48177, 0.86132, -0.15249, -0.53026, -0.81389, 0.23751, -0.84596, 0.48928, -0.21202, 0.05636, -0.31335, -0.94796
0.902297, 0.229, 0.271, -1.272, 0.03309, -0.45004, 0.88273, -0.13102, -0.59274, -0.78585, 0.17634, -0.80319, 0.56060, -0.20152, 0.05951, -0.26109, -0.96348
0.904213, 0.240, 0.272, -1.284, 0.04505, -0.41536, 0.90210, -0.10801, -0.65088, -0.73966, 0.17101, -0.75913, 0.63161, -0.15744, 0.00844, -0.23230, -0.97261
0.906129, 0.249, 0.270, -1.284, 0.08253, -0.37189, 0.91704, -0.11803, -0.70978, -0.66259, 0.23914, -0.70155, 0.69554, -0.15509, -0.06357, -0.27785, -0.95852
0.908044, 0.264, 0.274, -1.314, 0.06731, -0.34636, 0.93475, -0.04178, -0.75101, -0.64190, 0.15478, -0.65314, 0.75658, -0.03147, -0.09690, -0.12473, -0.98745
0.909960, 0.271, 0.269, -1.301, 0.03319, -0.30437, 0.94947, -0.06909, -0.81252, -0.57339, 0.10509, -0.58256, 0.80517, -0.11098, -0.02098, -0.15139, -0.98825
0.911876, 0.284, 0.272, -1.321, 0.06800, -0.26664, 0.96094, -0.02944, -0.84855, -0.50846, 0.14638, -0.51646, 0.85607, -0.02031, -0.11499, -0.09283, -0.98902
0.913792, 0.291, 0.268, -1.312, 0.06771, -0.22188, 0.97061, -0.06407, -0.89237, -0.42204, 0.15988, -0.43939, 0.89333, -0.09432, -0.10302, -0.15442, -0.98262
0.915707, 0.303, 0.269, -1.326, 0.07920, -0.18551, 0.97921, -0.02157, -0.91863, -0.35989, 0.16311, -0.36672, 0.93024, -0.01285, -0.14711, -0.07162, -0.98652
0.917623, 0.314, 0.269, -1.339, 0.10963, -0.14579, 0.98320, 0.00730, -0.93345, -0.28829, 0.21344, -0.28509, 0.95738, 0.04632, -0.21770, -0.01761, -0.97586
0.919539, 0.324, 0.267, -1.341, 0.10022, -0.10499, 0.98931, 0.01382, -0.95786, -0.21051, 0.19541, -0.20498, 0.97757, 0.04838, -0.20121, 0.00629, -0.97953
0.921454, 0.334, 0.266, -1.347, 0.08903, -0.06798, 0.99238, 0.05123, -0.97491, -0.14406, 0.16973, -0.12581, 0.98551, 0.11379, -0.18366, 0.08958, -0.97890
0.923370, 0.343, 0.265, -1.352, 0.12051, -0.02718, 0.99006, 0.06716, -0.96948, -0.07001, 0.23497, -0.03764, 0.98950, 0.13954, -0.24228, 0.12643, -0.96193
0.925286, 0.353, 0.264, -1.355, 0.12334, 0.00723, 0.98589, 0.11290, -0.96947, -0.01360, 0.24484, 0.04211, 0.97440, 0.22084, -0.24158, 0.22440, -0.94408
0.927201, 0.362, 0.263, -1.359, 0.13038, 0.05696, 0.98802, 0.05972, -0.95951, 0.09699, 0.26443, 0.12813, 0.98638, 0.10315, -0.25083, 0.13286, -0.95887
0.929117, 0.371, 0.262, -1.363, 0.13375, 0.09651, 0.98401, 0.06725, -0.94559, 0.17193, 0.27621, 0.20792, 0.97233, 0.10654, -0.25025, 0.15817, -0.95517
0.931033, 0.380, 0.260, -1.366, 0.12473, 0.13531, 0.97853, 0.09282, -0.93227, 0.24166, 0.26922, 0.28797, 0.94615, 0.14790, -0.21899, 0.21541, -0.95165
0.932948, 0.387, 0.258, -1.361, 0.19807, 0.18166, 0.95938, 0.08582, -0.85554, 0.31457, 0.41122, 0.38257, 0.91926, 0.09271, -0.34886, 0.23664, -0.90681
0.934864, 0.397, 0.257, -1.370, 0.18854, 0.22063, 0.95154, 0.10167, -0.83155, 0.38153, 0.40368, 0.45821, 0.88197, 0.11030, -0.31395, 0.27669, -0.90823
0.936780, 0.407, 0.257, -1.376, 0.17511, 0.25854, 0.94488, 0.09849, -0.80498, 0.45409, 0.38184, 0.52308, 0.84691, 0.09558, -0.27998, 0.27667, -0.91927
0.938696, 0.416, 0.256, -1.380, 0.15441, 0.29862, 0.93802, 0.08427, -0.77397, 0.53419, 0.34000, 0.58624, 0.80745, 0.06588, -0.23934, 0.25032, -0.93811
0.940611, 0.426, 0.255, -1.384, 0.14730, 0.33593, 0.92559, 0.09350, -0.73091, 0.59432, 0.33550, 0.64941, 0.75682, 0.07412, -0.20986, 0.27205, -0.93912
0.942527, 0.431, 0.252, -1.376, 0.20219, 0.38059, 0.90015, 0.06332, -0.62854, 0.65957, 0.41219, 0.71078, 0.70228, -0.03991, -0.31580, 0.26789, -0.91022
0.944443, 0.446, 0.254, -1.399, 0.15483, 0.41277, 0.89171, 0.10252, -0.61130, 0.70439, 0.36076, 0.76788, 0.63822, 0.05503, -0.19149, 0.31066, -0.93103
0.946358, 0.455, 0.253, -1.402, 0.14687, 0.44935, 0.87598, 0.09581, -0.55302, 0.75910, 0.34342, 0.81538, 0.57781, 0.03585, -0.17122, 0.29984, -0.93850
0.948274, 0.466, 0.253, -1.413, 0.14669, 0.47670, 0.85212, 0.15850, -0.50247, 0.76592, 0.40110, 0.85892, 0.49527, 0.13026, -0.09888, 0.40997, -0.90672
0.950190, 0.472, 0.251, -1.409, 0.17316, 0.52349, 0.82917, 0.09189, -0.39194, 0.83630, 0.38338, 0.89995, 0.43502, -0.02891, -0.19096, 0.33369, -0.92314
0.952105, 0.487, 0.253, -1.429, 0.11315, 0.55210, 0.81979, 0.10157, -0.36475, 0.88224, 0.29767, 0.92821, 0.36973, 0.04158, -0.07338, 0.29147, -0.95376
0.954021, 0.498, 0.253, -1.439, 0.11902, 0.58302, 0.79203, 0.13642, -0.29184, 0.89107, 0.34760, 0.95601, 0.28295, 0.07731, -0.02946, 0.35488, -0.93445
0.955937, 0.504, 0.251, -1.435, 0.13130, 0.62146, 0.76652, 0.09479, -0.19309, 0.92784, 0.31911, 0.97762, 0.20960, -0.01788, -0.08347, 0.30851, -0.94755
0.957852, 0.519, 0.252, -1.457, 0.10648, 0.63995, 0.73931, 0.18040, -0.15826, 0.90783, 0.38834, 0.98466, 0.11584, 0.13046, 0.07345, 0.40303, -0.91224
0.959768, 0.527, 0.251, -1.456, 0.14639, 0.68129, 0.70563, 0.12842, -0.02882, 0.92389, 0.38157, 0.99908, 0.03870, -0.01824, -0.03161, 0.38070, -0.92416
0.961684, 0.532, 0.249, -1.452, 0.18939, 0.70550, 0.66336, 0.16234, 0.06720, 0.87451, 0.48033, 0.99749, -0.04817, -0.05184, -0.02220, 0.48261, -0.87555
0.963600, 0.551, 0.252, -1.480, 0.02953, 0.71946, 0.66244, 0.20658, 0.03700, 0.94100, 0.33638, 0.96540, -0.12061, 0.23121, 0.25814, 0.31618, -0.91290
0.965515, 0.559, 0.251, -1.483, 0.13110, 0.75872, 0.61371, 0.17470, 0.18569, 0.88546, 0.42601, 0.97707, -0.21236, 0.01549, 0.10418, 0.41336, -0.90459
0.967431, 0.566, 0.249, -1.480, 0.15100, 0.79116, 0.57619, 0.13885, 0.29745, 0.86978, 0.39372, 0.95364, -0.29042, -0.07891, 0.04571, 0.39894, -0.91584
0.969347, 0.571, 0.247, -1.476, 0.17523, 0.81379, 0.53558, 0.14211, 0.38591, 0.82189, 0.41900, 0.92150, -0.36489, -0.13297, 0.04360, 0.43743, -0.89820
0.971262, 0.589, 0.249, -1.502, 0.10205, 0.83936, 0.51904, 0.12511, 0.42989, 0.84579, 0.31596, 0.89686, -0.44036, -0.04144, 0.10409, 0.30119, -0.94787
0.973178, 0.595, 0.247, -1.498, 0.14660, 0.85547, 0.46729, 0.16829, 0.50664, 0.75016, 0.42495, 0.84884, -0.52030, -0.09355, 0.15092, 0.40811, -0.90037
0.975094, 0.604, 0.246, -1.502, 0.15479, 0.87364, 0.42683, 0.17498, 0.57440, 0.69161, 0.43788, 0.79995, -0.58772, -0.12108, 0.17361, 0.41984, -0.89084
0.977009, 0.623, 0.249, -1.533, 0.07643, 0.89051, 0.40714, 0.18811, 0.59771, 0.69636, 0.39726, 0.75387, -0.65680, 0.01704, 0.27279, 0.28930, -0.91755
0.978925, 0.630, 0.248, -1.530, 0.09817, 0.91468, 0.36296, 0.14825, 0.69256, 0.63488, 0.34247, 0.69310, -0.71724, -0.07197, 0.19994, 0.28721, -0.93677
0.980841, 0.635, 0.245, -1.525, 0.10271, 0.93288, 0.32255, 0.12309, 0.76161, 0.57652, 0.29592, 0.62709, -0.77082, -0.11222, 0.16340, 0.27104, -0.94860
0.982756, 0.647, 0.245, -1.537, 0.08972, 0.94056, 0.28228, 0.16619, 0.78540, 0.50118, 0.36327, 0.56082, -0.82454, -0.07495, 0.26196, 0.26260, -0.92867
0.984672, 0.654, 0.244, -1.536, 0.02000, 0.96194, 0.25978, 0.08232, 0.85147, 0.49650, 0.16877, 0.50309, -0.86422, 0.00430, 0.14799, 0.08125, -0.98565
0.986588, 0.656, 0.240, -1.524, 0.10211, 0.96896, 0.19706, 0.10890, 0.89861, 0.35965, 0.25129, 0.40413, -0.90148, -0.15495, 0.17080, 0.24079, -0.95543
0.988504, 0.674, 0.243, -1.550, 0.02194, 0.97739, 0.17601, 0.11512, 0.91154, 0.33901, 0.23275, 0.34911, -0.93708, -0.00236, 0.21731, 0.08341, -0.97253
0.992335, 0.673, 0.234, -1.515, 0.11146, 0.98497, 0.06940, 0.11221, 0.96519, 0.11170, 0.23652, 0.16173, -0.96552, -0.20399, 0.20558, 0.23514, -0.94997
0.994251, 0.698, 0.239, -1.556, -0.00925, 0.99407, 0.05123, 0.09550, 0.97651, 0.10362, 0.18892, 0.10008, -0.99458, 0.02818, 0.19082, -0.00861, -0.98159
0.996166, 0.711, 0.240, -1.569, 0.02242, 0.97872, 0.00209, 0.20396, 0.91679, -0.00505, 0.39934, 0.01323, -0.99899, -0.04303, 0.39915, 0.04473, -0.91579
1.011492, 0.768, 0.229, -1.578, -0.02914, 0.91667, -0.31974, 0.23798, 0.68226, -0.57232, 0.45494, -0.60006, -0.79383, -0.09876, 0.41767, -0.20561, -0.88503
1.017239, 0.787, 0.224, -1.578, -0.02625, 0.86603, -0.43389, 0.24705, 0.50141, -0.73856, 0.45069, -0.76450, -0.62210, -0.16893, 0.40514, -0.25985, -0.87655
1.021070, 0.818, 0.226, -1.614, -0.08003, 0.84965, -0.49254, 0.17060, 0.45661, -0.80966, 0.36873, -0.86427, -0.50201, -0.03205, 0.21106, -0.30405, -0.92898
1.022986, 0.822, 0.224, -1.610, -0.15223, 0.79376, -0.51767, 0.28070, 0.30646, -0.73635, 0.60322, -0.90727, -0.41769, -0.04895, 0.28801, -0.53228, -0.79607
1.026817, 0.831, 0.220, -1.602, -0.03541, 0.76533, -0.60458, 0.21796, 0.17396, -0.90997, 0.37643, -0.94084, -0.26646, -0.20935, 0.29081, -0.31774, -0.90248
1.030649, 0.847, 0.218, -1.610, -0.01532, 0.71861, -0.66912, 0.18880, 0.03326, -0.95589, 0.29184, -0.96746, -0.10408, -0.23064, 0.25084, -0.27467, -0.92824
1.032565, 0.824, 0.209, -1.554, -0.04137, -0.67001, 0.70231, -0.23690, -0.09874, -0.96072, 0.25935, -0.92152, -0.01009, -0.38820, 0.37557, -0.27732, -0.88433
1.034480, 0.902, 0.225, -1.691, 0.18880, -0.66600, 0.69923, -0.17851, -0.04159, -0.86398, 0.50181, -0.99879, 0.04914, 0.00184, -0.02625, -0.50112, -0.86498
1.036396, 0.912, 0.224, -1.698, 0.13309, -0.64658, 0.73748, -0.14263, -0.12844, -0.91571, 0.38076, -0.99165, 0.12318, -0.03826, -0.01186, -0.38249, -0.92388
1.040227, 0.907, 0.217, -1.666, 0.09930, -0.55083, 0.79549, -0.23221, -0.37345, -0.83025, 0.41380, -0.92248, 0.28533, -0.26005, 0.09784, -0.47883, -0.87244
1.045974, 0.935, 0.214, -1.686, 0.15848, -0.43228, 0.85048, -0.25437, -0.57603, -0.65467, 0.48948, -0.81592, 0.49685, -0.29566, -0.04964, -0.56969, -0.82036
1.059384, 1.027, 0.213, -1.778, 0.18718, -0.18392, 0.95519, -0.13691, -0.86227, -0.30011, 0.40795, -0.40262, 0.89485, -0.19270, -0.30723, -0.33041, -0.89244
1.063216, 0.993, 0.200, -1.702, 0.03481, -0.11088, 0.98716, -0.10958, -0.97299, -0.21128, 0.09302, -0.22653, 0.95140, -0.20864, -0.04442, -0.22407, -0.97356
1.068963, 1.066, 0.206, -1.800, 0.13497, -0.03204, 0.98614, 0.09105, -0.96151, -0.08777, 0.26037, -0.03861, 0.98136, 0.18823, -0.27204, 0.17094, -0.94698
1.070878, 1.076, 0.205, -1.809, 0.13703, 0.00154, 0.98304, 0.12188, -0.96244, -0.03037, 0.26978, 0.03643, 0.97029, 0.23920, -0.26903, 0.24004, -0.93274
1.078541, 1.012, 0.184, -1.672, 0.42320, 0.23720, 0.86642, -0.11812, -0.52928, 0.51100, 0.67730, 0.31105, 0.85957, -0.40545, -0.78938, -0.00392, -0.61390
1.084288, 1.265, 0.190, -1.960, 0.17760, 0.75601, 0.60803, 0.16493, 0.20619, 0.86078, 0.46535, 0.97794, -0.19751, -0.06797, 0.03340, 0.46910, -0.88251
1.086204, 1.266, 0.188, -1.955, 0.15599, 0.78846, 0.58411, 0.11320, 0.29201, 0.88578, 0.36074, 0.95641, -0.26897, -0.11374, -0.00372, 0.37823, -0.92570
1.088120, 1.283, 0.188, -1.973, 0.09641, 0.80777, 0.56539, 0.13620, 0.32356, 0.88715, 0.32906, 0.93967, -0.34207, -0.00174, 0.11102, 0.30977, -0.94431
1.093867, 1.246, 0.177, -1.897, -0.07393, 0.86175, 0.49603, 0.07666, 0.49616, 0.86624, 0.05877, 0.84357, -0.49698, 0.20347, 0.20547, -0.05138, -0.97731
1.095782, 1.321, 0.186, -2.006, 0.01275, 0.88985, 0.43559, 0.13512, 0.58400, 0.77178, 0.25158, 0.77867, -0.62019, 0.09502, 0.22936, 0.14040, -0.96316
1.097698, 1.326, 0.185, -2.008, 0.13543, 0.91785, 0.35354, 0.11926, 0.72157, 0.61669, 0.31469, 0.68130, -0.71333, -0.16428, 0.12317, 0.33294, -0.93487
1.099614, 1.236, 0.171, -1.865, 0.06826, 0.93972, 0.33404, -0.02623, 0.77546, 0.63138, -0.00370, 0.62422, -0.76752, -0.14581, -0.09490, 0.11077, -0.98931
1.107277, 1.278, 0.170, -1.908, 0.26912, 0.86877, 0.08713, 0.40648, 0.65437, -0.06740, 0.75317, 0.37017, -0.83996, -0.39678, 0.65938, 0.53844, -0.52469
1.111108, 1.420, 0.186, -2.109, 0.06200, 0.91416, 0.07588, 0.39334, 0.67905, 0.08996, 0.72856, 0.18750, -0.98080, -0.05366, 0.70974, 0.17304, -0.68288
1.114939, 1.229, 0.158, -1.814, 0.27911, 0.95051, -0.07067, 0.11679, 0.96273, -0.19954, 0.18256, -0.06915, -0.83421, -0.54710, 0.26146, 0.51408, -0.81692
1.116855, 1.293, 0.164, -1.903, 0.26239, 0.93351, -0.10843, 0.21899, 0.88058, -0.31736, 0.35195, -0.08752, -0.83878, -0.53738, 0.46575, 0.44241, -0.76639
1.118771, 1.067, 0.135, -1.566, 0.40562, 0.87174, -0.19247, 0.19619, 0.84893, -0.49473, 0.18591, -0.17642, -0.59686, -0.78271, 0.49819, 0.63167, -0.59397
1.137928, 1.492, 0.170, -2.137, -0.15906, 0.87620, -0.42712, 0.15668, 0.58605, -0.69863, 0.41044, -0.79832, -0.58455, 0.14489, 0.13869, -0.41257, -0.90030
1.149422, 0.799, 0.085, -1.131, -0.49528, 0.43315, -0.41323, 0.62954, -0.13416, 0.26562, 0.95470, -0.98158, -0.16788, -0.09123, 0.13604, -0.94935, 0.28325
1.151338, 1.486, 0.157, -2.096, -0.21311, 0.75099, -0.62446, -0.02539, 0.21880, -0.94875, 0.22803, -0.92711, -0.12925, 0.35180, -0.30430, -0.28838, -0.90788
1.153253, 0.865, 0.091, -1.219, -0.35677, 0.39419, -0.52818, 0.66208, -0.43467, 0.05602, 0.89885, -0.88883, -0.18747, -0.41814, 0.14509, -0.98067, 0.13128
1.162832, 1.193, 0.119, -1.661, -0.19363, -0.49846, 0.84100, -0.08230, -0.42809, -0.87027, -0.24364, -0.80653, 0.48953, -0.33146, 0.40773, 0.05461, -0.91147
1.166663, 1.563, 0.152, -2.170, 0.12129, -0.38319, 0.86030, -0.31359, -0.67691, -0.58325, 0.44902, -0.73539, 0.50965, -0.44662, 0.03164, -0.63252, -0.77390
1.168579, 0.807, 0.079, -1.122, 0.35371, -0.14321, 0.66185, -0.64524, -0.70876, 0.26689, 0.65301, -0.64601, 0.12632, -0.75280, -0.28340, -0.95541, 0.08288
1.170494, 0.832, 0.080, -1.154, 0.16075, -0.12607, 0.75931, -0.61783, -0.91653, 0.00718, 0.39991, -0.39009, 0.20478, -0.89772, -0.08834, -0.97878, -0.18488
1.174326, 0.947, 0.089, -1.309, 0.28742, -0.06550, 0.73849, -0.60642, -0.82620, 0.25184, 0.50395, -0.44534, 0.25594, -0.85800, -0.34506, -0.93331, -0.09930
1.210724, 0.954, 0.073, -1.289, 0.39792, 0.52116, 0.65381, -0.37761, -0.14011, 0.98199, 0.12675, 0.38096, 0.17162, -0.90853, -0.91392, -0.07900, -0.39814
1.226050, 0.891, 0.064, -1.191, -0.24355, 0.63955, 0.68135, -0.25967, -0.06332, 0.74503, -0.66402, 0.99799, 0.04709, -0.04232, -0.00026, -0.66536, -0.74652
1.229881, 1.524, 0.107, -2.041, -0.19142, 0.58716, 0.67091, 0.41046, -0.23719, 0.94501, 0.22517, 0.63072, -0.02649, 0.77556, 0.73887, 0.32597, -0.58975
1.231797, 1.827, 0.128, -2.444, 0.08776, 0.79306, 0.60263, -0.01383, 0.27329, 0.95827, 0.08383, 0.95342, -0.25827, -0.15586, -0.12771, 0.12252, -0.98421
1.237544, 1.886, 0.130, -2.516, 0.10310, 0.86082, 0.49789, 0.02135, 0.50330, 0.85279, 0.13942, 0.86160, -0.48295, -0.15625, -0.06591, 0.19876, -0.97783
