t_ms, x_m, y_m, z_m, qw, qx, qy, qz, R00, R01, R02, R10, R11, R12, R20, R21, R22
1.758612, -0.722, 0.459, -1.086, 0.06430, 0.75886, -0.58643, 0.27586, 0.16000, -0.92551, 0.34327, -0.85456, -0.30393, -0.42114, 0.49410, -0.22596, -0.83953
1.770106, -0.590, 0.471, -1.187, -0.18836, -0.47011, 0.82620, -0.24678, -0.48703, -0.86979, -0.07922, -0.68385, 0.43619, -0.58488, 0.54328, -0.23068, -0.80724
1.772022, -0.597, 0.498, -1.273, -0.18151, -0.40105, 0.87009, -0.22170, -0.61243, -0.77838, -0.13804, -0.61742, 0.58002, -0.53138, 0.49369, -0.24020, -0.83581
1.773938, -0.564, 0.494, -1.279, -0.24647, -0.34659, 0.88370, -0.19546, -0.63825, -0.70892, -0.30012, -0.51622, 0.68334, -0.51631, 0.57110, -0.17461, -0.80210
1.775854, -0.572, 0.527, -1.383, -0.24455, -0.26930, 0.92074, -0.14114, -0.73534, -0.56493, -0.37432, -0.42687, 0.81512, -0.39161, 0.52635, -0.12818, -0.84055
1.777769, -0.511, 0.498, -1.321, -0.28657, -0.21388, 0.92079, -0.15580, -0.74427, -0.48317, -0.46109, -0.30458, 0.85996, -0.40951, 0.59439, -0.16434, -0.78721
1.779685, -0.530, 0.548, -1.473, -0.27177, -0.12231, 0.95358, -0.04328, -0.82236, -0.25680, -0.50772, -0.20975, 0.96633, -0.14903, 0.52889, -0.01607, -0.84854
1.781601, -0.487, 0.537, -1.460, -0.16609, -0.04809, 0.97968, -0.10165, -0.94020, -0.12800, -0.31565, -0.06047, 0.97471, -0.21514, 0.33521, -0.18318, -0.92416
1.783516, -0.467, 0.552, -1.520, -0.12293, 0.04064, 0.99112, -0.03041, -0.96648, 0.07307, -0.24614, 0.08802, 0.99485, -0.05028, 0.24120, -0.07026, -0.96793
1.785432, -0.438, 0.559, -1.559, -0.12814, 0.12210, 0.98154, 0.07250, -0.93734, 0.25828, -0.23384, 0.22112, 0.95967, 0.17363, 0.26925, 0.11104, -0.95665
1.787348, -0.376, 0.524, -1.475, -0.03245, 0.17636, 0.97973, -0.08926, -0.93568, 0.33979, -0.09508, 0.35137, 0.92186, -0.16345, 0.03211, -0.18635, -0.98196
1.789263, -0.344, 0.527, -1.503, -0.03529, 0.24611, 0.96710, -0.05378, -0.87636, 0.47224, -0.09473, 0.47983, 0.87307, -0.08666, 0.04178, -0.12140, -0.99172
1.791179, -0.304, 0.520, -1.500, 0.05098, 0.33521, 0.94004, 0.03696, -0.77007, 0.62645, 0.12062, 0.63398, 0.77254, 0.03531, -0.07107, 0.10366, -0.99207
1.793095, -0.253, 0.490, -1.432, 0.12818, 0.39597, 0.90903, -0.02111, -0.65356, 0.72531, 0.21631, 0.71448, 0.68553, -0.13990, -0.24976, 0.06312, -0.96625
1.795010, -0.217, 0.487, -1.439, 0.11262, 0.44713, 0.88523, -0.06131, -0.57479, 0.80543, 0.14456, 0.77781, 0.59264, -0.20925, -0.25421, -0.00783, -0.96712
1.796926, -0.173, 0.464, -1.388, 0.13767, 0.49743, 0.84881, -0.11460, -0.46722, 0.87600, 0.11970, 0.81289, 0.47886, -0.33152, -0.34773, -0.05759, -0.93582
1.798842, -0.137, 0.460, -1.394, 0.11910, 0.54768, 0.81605, -0.14112, -0.37172, 0.92749, 0.03980, 0.86026, 0.36025, -0.36079, -0.34896, -0.09987, -0.93180
1.800758, -0.098, 0.442, -1.357, 0.19560, 0.60881, 0.75994, -0.11655, -0.18219, 0.97091, 0.15538, 0.87972, 0.23154, -0.41531, -0.43920, 0.06102, -0.89631
1.802673, -0.062, 0.428, -1.332, 0.24400, 0.66257, 0.70349, -0.08104, -0.00293, 0.97177, 0.23591, 0.89268, 0.10886, -0.43735, -0.45069, 0.20931, -0.86780
1.804589, -0.029, 0.453, -1.430, 0.13939, 0.71076, 0.68010, -0.11341, 0.04921, 0.99839, 0.02838, 0.93515, -0.03607, -0.35241, -0.35082, 0.04389, -0.93541
1.806505, 0.007, 0.432, -1.379, 0.19786, 0.75037, 0.61809, -0.12550, 0.20442, 0.97727, 0.05625, 0.87794, -0.15762, -0.45208, -0.43293, 0.14180, -0.89020
1.808420, 0.044, 0.439, -1.422, 0.20011, 0.80222, 0.55864, -0.06577, 0.36720, 0.92262, 0.11805, 0.86997, -0.29576, -0.39455, -0.32911, 0.24758, -0.91126
1.810336, 0.078, 0.419, -1.377, 0.23709, 0.83556, 0.49075, -0.06921, 0.50875, 0.85292, 0.11704, 0.78728, -0.40592, -0.46413, -0.34836, 0.32827, -0.87800
1.812252, 0.113, 0.412, -1.376, 0.24898, 0.86897, 0.42457, -0.05145, 0.63419, 0.76349, 0.12201, 0.71225, -0.51550, -0.47640, -0.30084, 0.38903, -0.87072
1.814167, 0.151, 0.413, -1.400, 0.23751, 0.90083, 0.36144, -0.03814, 0.73581, 0.66931, 0.10297, 0.63307, -0.62590, -0.45548, -0.24041, 0.40034, -0.88427
1.816083, 0.189, 0.413, -1.423, 0.21118, 0.92819, 0.30215, -0.05080, 0.81225, 0.58235, 0.03330, 0.53944, -0.72822, -0.42273, -0.22193, 0.36133, -0.90564
1.817999, 0.214, 0.386, -1.351, 0.24601, 0.93771, 0.23065, -0.08356, 0.87963, 0.47369, -0.04322, 0.39146, -0.77255, -0.49992, -0.27019, 0.42283, -0.86499
1.819914, 0.262, 0.401, -1.431, 0.19424, 0.96371, 0.16885, -0.07090, 0.93292, 0.35299, -0.07106, 0.29790, -0.86752, -0.39833, -0.20225, 0.35044, -0.91449
1.821830, 0.288, 0.381, -1.383, 0.21953, 0.96792, 0.09481, -0.07712, 0.97013, 0.21740, -0.10767, 0.14967, -0.88564, -0.43959, -0.19092, 0.41034, -0.89172
1.823746, 0.321, 0.374, -1.380, 0.22284, 0.97262, 0.02471, -0.06110, 0.99131, 0.07531, -0.10784, 0.02084, -0.89946, -0.43650, -0.12987, 0.43046, -0.89322
1.825662, 0.345, 0.358, -1.344, 0.25388, 0.96502, -0.05296, -0.03840, 0.99144, -0.08272, -0.10101, -0.12172, -0.86548, -0.48594, -0.04723, 0.49407, -0.86814
1.827577, 0.406, 0.378, -1.447, 0.17562, 0.97756, -0.11571, -0.01188, 0.97294, -0.22206, -0.06386, -0.23040, -0.91154, -0.34061, 0.01742, 0.34610, -0.93803
1.829493, 0.446, 0.376, -1.466, 0.15218, 0.97115, -0.18343, 0.00803, 0.93258, -0.35872, -0.04023, -0.35383, -0.88639, -0.29853, 0.07143, 0.29263, -0.95355
1.831409, 0.462, 0.354, -1.409, 0.19582, 0.94623, -0.25672, 0.01994, 0.86739, -0.49365, -0.06281, -0.47803, -0.79150, -0.38081, 0.13827, 0.36034, -0.92252
1.833324, 0.524, 0.368, -1.493, 0.11301, 0.93501, -0.32546, 0.08406, 0.77401, -0.62762, 0.08364, -0.58962, -0.76260, -0.26606, 0.23076, 0.15662, -0.96032
1.835240, 0.568, 0.367, -1.517, 0.07116, 0.92145, -0.37928, 0.04498, 0.70825, -0.70537, 0.02890, -0.69257, -0.70217, -0.16526, 0.13686, 0.09703, -0.98583
1.837156, 0.595, 0.355, -1.497, 0.09073, 0.87809, -0.45337, 0.12325, 0.55854, -0.81855, 0.13417, -0.77383, -0.57246, -0.27109, 0.29871, 0.04759, -0.95316
1.839071, 0.610, 0.337, -1.450, 0.12044, 0.85151, -0.50646, 0.06258, 0.47916, -0.87759, -0.01541, -0.84744, -0.45799, -0.26850, 0.22858, 0.14172, -0.96316
1.840987, 0.663, 0.342, -1.497, 0.07028, 0.81752, -0.56271, 0.10041, 0.34655, -0.93416, 0.08508, -0.90593, -0.35684, -0.22792, 0.24327, 0.00191, -0.96996
1.842903, 0.695, 0.334, -1.493, 0.06353, 0.76623, -0.62159, 0.14994, 0.18229, -0.97161, 0.15079, -0.93351, -0.21918, -0.28376, 0.30875, -0.08904, -0.94697
1.844818, 0.735, 0.330, -1.505, 0.03671, 0.75522, -0.65412, 0.02056, 0.14340, -0.98952, -0.01697, -0.98650, -0.14155, -0.08233, 0.07907, 0.02855, -0.99646
1.846734, 0.813, 0.342, -1.592, -0.09389, 0.70682, -0.69736, 0.07266, 0.01682, -0.97217, 0.23366, -0.99946, -0.00975, 0.03139, -0.02824, -0.23406, -0.97181
1.848650, 0.827, 0.327, -1.550, 0.01593, -0.63903, 0.75692, -0.13587, -0.18279, -0.96306, 0.19777, -0.97171, 0.14637, -0.18534, 0.14954, -0.22605, -0.96257
1.850566, 0.856, 0.317, -1.538, -0.00113, -0.61689, 0.78680, -0.01986, -0.23889, -0.97078, 0.02274, -0.97069, 0.23811, -0.03265, 0.02628, -0.02987, -0.99921
1.852481, 0.909, 0.318, -1.572, 0.02540, -0.54235, 0.83427, -0.09599, -0.41043, -0.90005, 0.14650, -0.90980, 0.39329, -0.13261, 0.06173, -0.18771, -0.98028
1.854397, 0.878, 0.290, -1.460, -0.08398, -0.47632, 0.86862, -0.10757, -0.53213, -0.84555, -0.04343, -0.80941, 0.52309, -0.26687, 0.24837, -0.10686, -0.96275
1.856313, 0.980, 0.305, -1.572, 0.00133, -0.42564, 0.90086, -0.08530, -0.63766, -0.76666, 0.07501, -0.76711, 0.62311, -0.15256, 0.07022, -0.15482, -0.98544
1.858228, 1.007, 0.297, -1.559, -0.01593, -0.35846, 0.92789, -0.10136, -0.74251, -0.66845, 0.04311, -0.66199, 0.72246, -0.19953, 0.10223, -0.17669, -0.97894
1.860144, 1.031, 0.287, -1.543, -0.04150, -0.30437, 0.94956, -0.06311, -0.81128, -0.58326, -0.04040, -0.57279, 0.80676, -0.14511, 0.11723, -0.09458, -0.98859
1.867807, 1.235, 0.280, -1.636, 0.00713, 0.01508, 0.99023, -0.13842, -0.99944, 0.03184, 0.00994, 0.02789, 0.96122, -0.27436, -0.01829, -0.27393, -0.96158
1.871638, 0.873, 0.179, -1.096, -0.17118, 0.16932, 0.94413, -0.22507, -0.88406, 0.24266, -0.39944, 0.39677, 0.84135, -0.36702, 0.24701, -0.48295, -0.84009
1.873554, 0.865, 0.168, -1.059, -0.20908, 0.21286, 0.93722, -0.18052, -0.82195, 0.32351, -0.46876, 0.47448, 0.84421, -0.24935, 0.31507, -0.42738, -0.84740
1.875470, 0.591, 0.109, -0.708, -0.26627, 0.26818, 0.90461, -0.19711, -0.71436, 0.38024, -0.58746, 0.59017, 0.77845, -0.21381, 0.37601, -0.49944, -0.78050
1.877385, 0.518, 0.090, -0.607, -0.34129, 0.23250, 0.90851, -0.06382, -0.65893, 0.37890, -0.64980, 0.46603, 0.88374, 0.04273, 0.59045, -0.27467, -0.75890
1.879301, 0.841, 0.138, -0.968, -0.31884, 0.24386, 0.91394, 0.05981, -0.67774, 0.48389, -0.55364, 0.40761, 0.87391, 0.26483, 0.61198, -0.04619, -0.78953
1.881217, 0.605, 0.094, -0.684, -0.35692, 0.28329, 0.88897, 0.04565, -0.58471, 0.53626, -0.60872, 0.47109, 0.83532, 0.28338, 0.66044, -0.12107, -0.74105
2.095774, 1.199, 0.197, -1.762, 0.25973, 0.40728, 0.56702, 0.66720, -0.53333, 0.11528, 0.83801, 0.80845, -0.22207, 0.54506, 0.24893, 0.96819, 0.02524
2.097690, 1.492, 0.247, -2.209, 0.01170, 0.50378, 0.66493, 0.55130, -0.49214, 0.65706, 0.57103, 0.68286, -0.11546, 0.72137, 0.53991, 0.74495, -0.39186
2.099606, 1.386, 0.233, -2.070, -0.13911, 0.51495, 0.67963, 0.50356, -0.43096, 0.84005, 0.32953, 0.55985, -0.03749, 0.82774, 0.70770, 0.54121, -0.45415
2.101521, 1.358, 0.231, -2.051, 0.09966, 0.49469, 0.61768, 0.60318, -0.49069, 0.49090, 0.71989, 0.73134, -0.21709, 0.64653, 0.47366, 0.84374, -0.25249
2.107269, 1.366, 0.241, -2.119, 0.47297, 0.62506, 0.47754, 0.39694, 0.22880, 0.22149, 0.94794, 0.97246, -0.09651, -0.21217, 0.04449, 0.97037, -0.23747
2.111100, 1.153, 0.208, -1.824, 0.07735, 0.50854, 0.56242, 0.64737, -0.47080, 0.47189, 0.74543, 0.67218, -0.35540, 0.64952, 0.57142, 0.80686, -0.14987
2.114931, 1.103, 0.204, -1.779, 0.24980, 0.54334, 0.48419, 0.63870, -0.28476, 0.20706, 0.93597, 0.84525, -0.40633, 0.34705, 0.45217, 0.88996, -0.05931
2.116847, 0.968, 0.181, -1.576, 0.05998, 0.50110, 0.51904, 0.68986, -0.49061, 0.43742, 0.75363, 0.60293, -0.45401, 0.65601, 0.62911, 0.77624, -0.04099
2.118763, 1.128, 0.212, -1.852, -0.09043, 0.53731, 0.56769, 0.61712, -0.40624, 0.72167, 0.56051, 0.49845, -0.33909, 0.79785, 0.76585, 0.60350, -0.22196
2.122594, 1.206, 0.233, -2.018, 0.11001, 0.60327, 0.51457, 0.59932, -0.24793, 0.48898, 0.83632, 0.75270, -0.44624, 0.48406, 0.60989, 0.74951, -0.25742
2.124510, 1.052, 0.205, -1.777, 0.13788, 0.57279, 0.47731, 0.65198, -0.30580, 0.36701, 0.87851, 0.72658, -0.50633, 0.46444, 0.61527, 0.78034, -0.11183
2.126426, 0.991, 0.196, -1.691, 0.31368, 0.58783, 0.40846, 0.62387, -0.11212, 0.08881, 0.98972, 0.87161, -0.46953, 0.14087, 0.47721, 0.87844, -0.02477
2.128341, 0.966, 0.193, -1.663, 0.12212, 0.56495, 0.45866, 0.67494, -0.33183, 0.35340, 0.87464, 0.68309, -0.54943, 0.48116, 0.65059, 0.75712, -0.05909
2.132173, 1.119, 0.228, -1.961, -0.08050, 0.59998, 0.51157, 0.60979, -0.26709, 0.71204, 0.64936, 0.51567, -0.46364, 0.72050, 0.81409, 0.52730, -0.24334
2.134088, 1.356, 0.280, -2.400, 0.04885, 0.71793, 0.50892, 0.47243, 0.03562, 0.68458, 0.72807, 0.77689, -0.47724, 0.41072, 0.62863, 0.55100, -0.54884
2.136004, 1.104, 0.231, -1.973, 0.17641, 0.64624, 0.42857, 0.60629, -0.10252, 0.34001, 0.93482, 0.76783, -0.57041, 0.29168, 0.63240, 0.74768, -0.20259
2.137920, 0.896, 0.189, -1.617, 0.27741, 0.61245, 0.36434, 0.64436, -0.09588, 0.08878, 0.99143, 0.80379, -0.58060, 0.12973, 0.58713, 0.80934, -0.01569
2.141751, 1.146, 0.248, -2.107, 0.28540, 0.69894, 0.38117, 0.53361, 0.13994, 0.22824, 0.96349, 0.83742, -0.54651, 0.00784, 0.52835, 0.80575, -0.26761
2.143667, 1.267, 0.276, -2.349, -0.05065, 0.70965, 0.47494, 0.51794, 0.01233, 0.72655, 0.68700, 0.62163, -0.54372, 0.56387, 0.78322, 0.42010, -0.45835
2.145582, 1.070, 0.236, -2.004, 0.16679, 0.67000, 0.38311, 0.61360, -0.04656, 0.30869, 0.95002, 0.71805, -0.65081, 0.24666, 0.69443, 0.69365, -0.19135
2.147498, 0.764, 0.170, -1.446, 0.13977, 0.59338, 0.34741, 0.71251, -0.25674, 0.21311, 0.94269, 0.61147, -0.71953, 0.32919, 0.74846, 0.66095, 0.05442
2.149414, 0.839, 0.189, -1.602, 0.08666, 0.60720, 0.35535, 0.70536, -0.24760, 0.30929, 0.91817, 0.55379, -0.73243, 0.39606, 0.79499, 0.60654, 0.01007
2.189643, 1.034, 0.291, -2.408, 0.45240, 0.82027, 0.08853, 0.33859, 0.75503, -0.16113, 0.63558, 0.45160, -0.57499, -0.68224, 0.47538, 0.80214, -0.36137
2.191559, 0.939, 0.267, -2.209, 0.45594, 0.79001, 0.07432, 0.40309, 0.66399, -0.25014, 0.70466, 0.48500, -0.57320, -0.66047, 0.56912, 0.78031, -0.25928
2.260524, 0.924, 0.377, -2.881, 0.26633, 0.94934, -0.12818, -0.10675, 0.94435, -0.18652, -0.27096, -0.30024, -0.82527, -0.47831, -0.13440, 0.53304, -0.83535
2.262440, 0.912, 0.375, -2.858, 0.33866, 0.90687, -0.15684, 0.19569, 0.87421, -0.41702, 0.24869, -0.15193, -0.72141, -0.67563, 0.46116, 0.55287, -0.69403
2.264355, 0.739, 0.307, -2.322, 0.39240, 0.89850, -0.16497, -0.10725, 0.92257, -0.21228, -0.32219, -0.38061, -0.63761, -0.66976, -0.06326, 0.74053, -0.66904
2.266271, 0.879, 0.367, -2.773, 0.32316, 0.89459, -0.17364, 0.25518, 0.80946, -0.47561, 0.34434, -0.14575, -0.73083, -0.66681, 0.56879, 0.48957, -0.66090
2.268187, 0.864, 0.364, -2.733, 0.37197, 0.90891, -0.18273, 0.04620, 0.92895, -0.36654, -0.05195, -0.29780, -0.65650, -0.69305, 0.21993, 0.65928, -0.71901
2.270103, 0.977, 0.415, -3.105, 0.17393, 0.90896, -0.18303, 0.33172, 0.71292, -0.44813, 0.53938, -0.21735, -0.87249, -0.43762, 0.66672, 0.19475, -0.71942
2.272018, 0.790, 0.339, -2.522, 0.21084, 0.83037, -0.18839, 0.48015, 0.46792, -0.51534, 0.71797, -0.11040, -0.84011, -0.53106, 0.87685, 0.16923, -0.45000
2.273934, 1.043, 0.450, -3.339, 0.08515, 0.98090, -0.17100, -0.03656, 0.93885, -0.32923, -0.10085, -0.34169, -0.92702, -0.15455, -0.04261, 0.17956, -0.98282
2.277765, 0.953, 0.418, -3.073, 0.23288, 0.94894, -0.21271, -0.00530, 0.90945, -0.40124, -0.10913, -0.40617, -0.80104, -0.43973, 0.08902, 0.44424, -0.89148
2.279681, 0.964, 0.426, -3.121, 0.15952, 0.96333, -0.20165, -0.07676, 0.90689, -0.36403, -0.21222, -0.41301, -0.86778, -0.27639, -0.08355, 0.33830, -0.93732
2.281597, 0.805, 0.359, -2.614, 0.32052, 0.91385, -0.23076, -0.09433, 0.87570, -0.36128, -0.32034, -0.48223, -0.68803, -0.54228, -0.02449, 0.62935, -0.77673
2.283512, 0.728, 0.328, -2.377, 0.28618, 0.83441, -0.25287, 0.39740, 0.55626, -0.64944, 0.51846, -0.19453, -0.70832, -0.67855, 0.80792, 0.27660, -0.52035
2.285428, 0.935, 0.424, -3.067, 0.05133, 0.87274, -0.24333, 0.42011, 0.52860, -0.46785, 0.70830, -0.38159, -0.87631, -0.29404, 0.75826, -0.11485, -0.64175
2.289259, 0.790, 0.365, -2.612, 0.35384, 0.88126, -0.27224, 0.15515, 0.80363, -0.58962, 0.08078, -0.37003, -0.60136, -0.70812, 0.46611, 0.53918, -0.70145
2.293091, 0.843, 0.395, -2.807, 0.30464, 0.90036, -0.28929, 0.11342, 0.80690, -0.59003, 0.02797, -0.45183, -0.64701, -0.61419, 0.38049, 0.48295, -0.78866
2.295007, 0.890, 0.420, -2.976, -0.03834, 0.94473, -0.23342, -0.22701, 0.78796, -0.45845, -0.41103, -0.42364, -0.88809, 0.17842, -0.44682, 0.03354, -0.89399
2.296922, 0.949, 0.452, -3.191, 0.16048, 0.92692, -0.29450, 0.16837, 0.76985, -0.59998, 0.21760, -0.49191, -0.77504, -0.39666, 0.40664, 0.19833, -0.89180
2.298838, 0.983, 0.472, -3.318, 0.05988, 0.93272, -0.30467, 0.18335, 0.74711, -0.59031, 0.30554, -0.54640, -0.80718, -0.22342, 0.37851, -0.00003, -0.92560
2.300754, 0.940, 0.455, -3.188, 0.13567, 0.91960, -0.31682, 0.18857, 0.72814, -0.63385, 0.26086, -0.53152, -0.76244, -0.36900, 0.43278, 0.13004, -0.89207
2.302669, 0.954, 0.466, -3.248, 0.10862, 0.94183, -0.31674, 0.02865, 0.79770, -0.60287, -0.01484, -0.59042, -0.77575, -0.22276, 0.12278, 0.18646, -0.97476
2.304585, 0.805, 0.397, -2.754, 0.10377, 0.81803, -0.32597, 0.46239, 0.35988, -0.62928, 0.68884, -0.43735, -0.76595, -0.47122, 0.82414, -0.13168, -0.55086
2.306501, 0.784, 0.390, -2.696, 0.14617, 0.81845, -0.33919, 0.44015, 0.38244, -0.68389, 0.62132, -0.42654, -0.72717, -0.53785, 0.81963, -0.05932, -0.56981
2.308416, 0.932, 0.467, -3.215, 0.04026, 0.89117, -0.34143, 0.29602, 0.59159, -0.63237, 0.50012, -0.58470, -0.76361, -0.27390, 0.55510, -0.13039, -0.82150
2.310332, 0.949, 0.480, -3.287, 0.06143, 0.91704, -0.35207, 0.17696, 0.68947, -0.66746, 0.28131, -0.62397, -0.74455, -0.23728, 0.36782, -0.01193, -0.92982
2.312248, 0.929, 0.474, -3.233, 0.00067, 0.88788, -0.35196, 0.29629, 0.57666, -0.62540, 0.52567, -0.62461, -0.75224, -0.20976, 0.52661, -0.20738, -0.82442
2.314163, 0.669, 0.343, -2.333, -0.10626, 0.87295, -0.26464, -0.39577, 0.54666, -0.54614, -0.63474, -0.37792, -0.83735, 0.39498, -0.74722, 0.02396, -0.66415
2.316079, 0.945, 0.490, -3.316, -0.12792, 0.93422, -0.32965, -0.04693, 0.77826, -0.62794, -0.00335, -0.60393, -0.74994, 0.26994, -0.17202, -0.20806, -0.96287
2.317995, 0.905, 0.472, -3.190, -0.22577, 0.91605, -0.31072, -0.11551, 0.78023, -0.62142, -0.07131, -0.51711, -0.70496, 0.48542, -0.35192, -0.34186, -0.87137
2.319911, 0.919, 0.484, -3.253, -0.20287, 0.87366, -0.35329, 0.26598, 0.60887, -0.50940, 0.60810, -0.72524, -0.66806, 0.16654, 0.32141, -0.54242, -0.77619
2.321826, 0.787, 0.419, -2.800, 0.09291, 0.81348, -0.38483, 0.42607, 0.34075, -0.70526, 0.62169, -0.54693, -0.68656, -0.47908, 0.76470, -0.17677, -0.61967
2.323742, 0.900, 0.483, -3.215, 0.06473, 0.89020, -0.39957, 0.20903, 0.59330, -0.73846, 0.32043, -0.68435, -0.67230, -0.28228, 0.42388, -0.05181, -0.90424
2.325658, 0.943, 0.510, -3.383, -0.15511, 0.90495, -0.37754, 0.12031, 0.68598, -0.64598, 0.33487, -0.72062, -0.66681, 0.18990, 0.10063, -0.37158, -0.92293
2.327573, 0.938, 0.511, -3.381, -0.11474, 0.90908, -0.39177, 0.08324, 0.67918, -0.69320, 0.24124, -0.73140, -0.66671, 0.14339, 0.06144, -0.27383, -0.95981
2.329489, 0.883, 0.486, -3.197, 0.10007, 0.89251, -0.41868, 0.13457, 0.61319, -0.77429, 0.15643, -0.72043, -0.62939, -0.29131, 0.32401, 0.06593, -0.94375
2.331405, 0.865, 0.480, -3.148, 0.03949, 0.91236, -0.39412, -0.10349, 0.66792, -0.71098, -0.21997, -0.72733, -0.68622, 0.00952, -0.15771, 0.15363, -0.97546
2.333320, 0.835, 0.468, -3.053, 0.04613, 0.83909, -0.42815, 0.33240, 0.41241, -0.74918, 0.51832, -0.68784, -0.62913, -0.36205, 0.59733, -0.20721, -0.77477
2.335236, 0.894, 0.505, -3.283, -0.22787, 0.86382, -0.40005, 0.20455, 0.59623, -0.59793, 0.53571, -0.78437, -0.57607, 0.23002, 0.17107, -0.55734, -0.81247
2.337152, 0.858, 0.488, -3.166, -0.15175, 0.89585, -0.39060, -0.14785, 0.65115, -0.74471, -0.14636, -0.65496, -0.64881, 0.38738, -0.38344, -0.15639, -0.91023
2.339067, 0.898, 0.516, -3.329, -0.07143, 0.90120, -0.42744, 0.00530, 0.63453, -0.76966, 0.07061, -0.77118, -0.62439, 0.12422, -0.05152, -0.13327, -0.98974
2.340983, 0.869, 0.504, -3.240, -0.27365, 0.84907, -0.41381, 0.18154, 0.59160, -0.60336, 0.53475, -0.80207, -0.50775, 0.31445, 0.08179, -0.61493, -0.78433
2.342899, 0.832, 0.487, -3.114, 0.10732, 0.88779, -0.44573, -0.04038, 0.59939, -0.78277, -0.16737, -0.80010, -0.57961, -0.15456, 0.02397, 0.22655, -0.97370
2.344815, 0.888, 0.524, -3.340, -0.12983, 0.88927, -0.43854, 0.00428, 0.61532, -0.77886, 0.12148, -0.78108, -0.58165, 0.22715, -0.10626, -0.23465, -0.96625
2.346730, 0.857, 0.510, -3.241, -0.25140, 0.87017, -0.42144, -0.04450, 0.64081, -0.75583, 0.13446, -0.71109, -0.51837, 0.47503, -0.28934, -0.40002, -0.86964
2.348646, 0.727, 0.437, -2.768, -0.16618, 0.76157, -0.44894, 0.43687, 0.21519, -0.53860, 0.81461, -0.82899, -0.54167, -0.13915, 0.51620, -0.64537, -0.56306
2.350562, 0.743, 0.451, -2.840, -0.22089, 0.76325, -0.45371, 0.40349, 0.26270, -0.51433, 0.81637, -0.87084, -0.49071, -0.02893, 0.41548, -0.70333, -0.57681
2.352477, 0.719, 0.440, -2.760, 0.26138, 0.83879, -0.47710, 0.02216, 0.54377, -0.81196, -0.21223, -0.78878, -0.40812, -0.45963, 0.28658, 0.41733, -0.86238
2.354393, 0.790, 0.487, -3.049, 0.15793, 0.85237, -0.49240, 0.07793, 0.50294, -0.86403, -0.02267, -0.81479, -0.46520, -0.34598, 0.28839, 0.19248, -0.93797
2.356309, 0.804, 0.501, -3.120, 0.11318, 0.86141, -0.49508, -0.00750, 0.50967, -0.85124, -0.12499, -0.85464, -0.48416, -0.18757, 0.09916, 0.20242, -0.97427
2.358224, 0.806, 0.506, -3.143, -0.04557, 0.86824, -0.47263, -0.14390, 0.51184, -0.83382, -0.20681, -0.80759, -0.54910, 0.21515, -0.29295, 0.05690, -0.95443
2.360140, 0.788, 0.499, -3.095, -0.37604, 0.80547, -0.45261, 0.07047, 0.58036, -0.67612, 0.45392, -0.78212, -0.30748, 0.54198, -0.22687, -0.66957, -0.70725
2.362056, 0.796, 0.508, -3.140, -0.31781, 0.82782, -0.45655, -0.07258, 0.57259, -0.80202, 0.17003, -0.70975, -0.38112, 0.59245, -0.41035, -0.45991, -0.78746
2.363971, 0.761, 0.490, -3.015, 0.04446, 0.84917, -0.49636, -0.17484, 0.44612, -0.82743, -0.34108, -0.85853, -0.50330, 0.09806, -0.25280, 0.24908, -0.93491
2.365887, 0.793, 0.517, -3.166, -0.02231, 0.80808, -0.53270, 0.25048, 0.30697, -0.84975, 0.42859, -0.87211, -0.43146, -0.23081, 0.38105, -0.30292, -0.87352
2.367803, 0.828, 0.543, -3.318, -0.20242, 0.83651, -0.50871, 0.02236, 0.48143, -0.84202, 0.24336, -0.86013, -0.40048, 0.31590, -0.16853, -0.36140, -0.91705
2.369719, 0.814, 0.540, -3.285, -0.02898, 0.82987, -0.54419, 0.11972, 0.37905, -0.89628, 0.23024, -0.91015, -0.40604, -0.08220, 0.16716, -0.17840, -0.96966
2.371634, 0.803, 0.537, -3.256, -0.07751, 0.81700, -0.54224, 0.18022, 0.34699, -0.85809, 0.37853, -0.91396, -0.39993, -0.06879, 0.21042, -0.32209, -0.92303
2.373550, 0.756, 0.511, -3.087, -0.28463, 0.76399, -0.51766, 0.25949, 0.32940, -0.64325, 0.69117, -0.93869, -0.30204, 0.16627, 0.10181, -0.70356, -0.70330
2.375466, 0.797, 0.543, -3.271, -0.20870, 0.82612, -0.52304, -0.01972, 0.45207, -0.87243, 0.18574, -0.85597, -0.36574, 0.36544, -0.25089, -0.32419, -0.91211
2.377381, 0.574, 0.395, -2.366, 0.34239, 0.77419, -0.53209, -0.01699, 0.43319, -0.81223, -0.39067, -0.83550, -0.19931, -0.51207, 0.33806, 0.54823, -0.76496
2.379297, 0.738, 0.513, -3.064, -0.02274, 0.76981, -0.56383, 0.29828, 0.18625, -0.85452, 0.48488, -0.88165, -0.36315, -0.30135, 0.43359, -0.37137, -0.82103
2.381213, 0.674, 0.472, -2.814, -0.38503, 0.70731, -0.50926, 0.30350, 0.29708, -0.48670, 0.82150, -0.95413, -0.18480, 0.23555, 0.03717, -0.85380, -0.51927
2.383128, 0.748, 0.528, -3.137, 0.00790, 0.81988, -0.55472, -0.14148, 0.34453, -0.90738, -0.24075, -0.91185, -0.38444, 0.14400, -0.22322, 0.16992, -0.95984
2.385044, 0.644, 0.460, -2.721, 0.04245, 0.71496, -0.57001, 0.40264, 0.02593, -0.84925, 0.52735, -0.78089, -0.34657, -0.51972, 0.62413, -0.39833, -0.67216
2.386960, 0.669, 0.482, -2.845, -0.05611, 0.72341, -0.56924, 0.38664, 0.05294, -0.78020, 0.62328, -0.86698, -0.34563, -0.35901, 0.49553, -0.52136, -0.69472
2.388875, 0.563, 0.410, -2.407, 0.19190, 0.68664, -0.57254, 0.40485, 0.01660, -0.94163, 0.33624, -0.63087, -0.27075, -0.72711, 0.77571, -0.20005, -0.59854
2.390791, 0.755, 0.553, -3.242, -0.00394, 0.79300, -0.60048, 0.10276, 0.25773, -0.95155, 0.16770, -0.95317, -0.27881, -0.11716, 0.15824, -0.12965, -0.97885
2.392707, 0.724, 0.536, -3.129, 0.02411, 0.77043, -0.60332, 0.20459, 0.18829, -0.93950, 0.28614, -0.91977, -0.27084, -0.28402, 0.34434, -0.20971, -0.91513
2.394623, 0.736, 0.550, -3.201, -0.03149, 0.77152, -0.60717, 0.18736, 0.19248, -0.92510, 0.32734, -0.94869, -0.26070, -0.17893, 0.25086, -0.27610, -0.92781
2.396538, 0.651, 0.491, -2.849, 0.13762, 0.73399, -0.60797, 0.26962, 0.11536, -0.96669, 0.22846, -0.81827, -0.22287, -0.52987, 0.56314, -0.12581, -0.81673
2.398454, 0.729, 0.555, -3.213, -0.24154, 0.75013, -0.59541, 0.15634, 0.24208, -0.81775, 0.52218, -0.96880, -0.17428, 0.17621, -0.05309, -0.54855, -0.83443
2.400370, 0.636, 0.489, -2.817, -0.11590, 0.69567, -0.59825, 0.38039, -0.00521, -0.74420, 0.66793, -0.92055, -0.25732, -0.29389, 0.39058, -0.61640, -0.68374
2.402285, 0.658, 0.511, -2.936, -0.09306, 0.70430, -0.61494, 0.34229, 0.00938, -0.80249, 0.59659, -0.92990, -0.22639, -0.28989, 0.36769, -0.55205, -0.74836
2.404201, 0.609, 0.478, -2.737, -0.02765, 0.68284, -0.61407, 0.39482, -0.06593, -0.81679, 0.57316, -0.86045, -0.24431, -0.44714, 0.50525, -0.52266, -0.68670
2.406117, 0.677, 0.536, -3.060, -0.19166, 0.71018, -0.61732, 0.27896, 0.08219, -0.76989, 0.63287, -0.98376, -0.16436, -0.07219, 0.15960, -0.61665, -0.77089
2.408032, 0.720, 0.574, -3.271, -0.10013, 0.77400, -0.62248, -0.05840, 0.21821, -0.97530, 0.03427, -0.95191, -0.20498, 0.22771, -0.21506, -0.08231, -0.97313
2.409948, 0.635, 0.512, -2.909, -0.32814, 0.67213, -0.59959, 0.28471, 0.11887, -0.61915, 0.77623, -0.99285, -0.06563, 0.09969, -0.01078, -0.78253, -0.62252
2.411864, 0.600, 0.487, -2.763, -0.40531, 0.70315, -0.53706, -0.22992, 0.31739, -0.94165, 0.11202, -0.56889, -0.09457, 0.81696, -0.75870, -0.32302, -0.56571
2.413779, 0.692, 0.568, -3.209, -0.23101, 0.72502, -0.63349, 0.14025, 0.15803, -0.85379, 0.49605, -0.98339, -0.09064, 0.15727, -0.08931, -0.51266, -0.85393
2.415695, 0.570, 0.473, -2.661, 0.03740, 0.66076, -0.63622, 0.39650, -0.12399, -0.87044, 0.47640, -0.81113, -0.18764, -0.55395, 0.57157, -0.45511, -0.68277
2.417611, 0.617, 0.517, -2.899, -0.14542, 0.67081, -0.64137, 0.34280, -0.05773, -0.76077, 0.64644, -0.96017, -0.13501, -0.24463, 0.27338, -0.63482, -0.72268
2.419527, 0.690, 0.583, -3.264, -0.18336, 0.74063, -0.64497, -0.04305, 0.16432, -0.97116, 0.17276, -0.93959, -0.10079, 0.32714, -0.30030, -0.21608, -0.92905
2.421442, 0.534, 0.456, -2.546, 0.24643, -0.60903, 0.62784, -0.41734, -0.13672, -0.55905, 0.81778, -0.97043, -0.09018, -0.22389, 0.19892, -0.82421, -0.53020
2.423358, 0.648, 0.558, -3.106, 0.09944, 0.73184, -0.67272, 0.04439, 0.09094, -0.99347, -0.06883, -0.97582, -0.07511, -0.20527, 0.19876, 0.08583, -0.97628
2.425274, 0.667, 0.580, -3.222, -0.25158, 0.71893, -0.64585, -0.05220, 0.16030, -0.95491, 0.24990, -0.90237, -0.03917, 0.42917, -0.40003, -0.29430, -0.86796
2.427189, 0.620, 0.546, -3.017, 0.18574, -0.66367, 0.66386, -0.29040, -0.05008, -0.77329, 0.63207, -0.98905, -0.04959, -0.13903, 0.13885, -0.63211, -0.76233
2.429105, 0.541, 0.481, -2.652, -0.01769, -0.63711, 0.66572, -0.38806, -0.18755, -0.86201, 0.47092, -0.83455, -0.11300, -0.53922, 0.51802, -0.49414, -0.69820
2.431021, 0.608, 0.544, -2.993, 0.12468, 0.72097, -0.67277, -0.10970, 0.07068, -0.94274, -0.32594, -0.99745, -0.06366, -0.03217, 0.00958, 0.32738, -0.94484
2.432936, 0.612, 0.555, -3.041, 0.11529, 0.69998, -0.69710, 0.10389, 0.00653, -0.99986, -0.01530, -0.95195, -0.00153, -0.30624, 0.30618, 0.01657, -0.95183
2.434852, 0.497, 0.455, -2.488, -0.18623, -0.62326, 0.67291, -0.35221, -0.15372, -0.96999, 0.18840, -0.70762, -0.02502, -0.70615, 0.68967, -0.24186, -0.68254
2.436768, 0.504, 0.466, -2.542, -0.17774, -0.62167, 0.67964, -0.34645, -0.16387, -0.96817, 0.18916, -0.72187, -0.01300, -0.69191, 0.67235, -0.24994, -0.69676
2.438684, 0.554, 0.516, -2.816, -0.46034, 0.63011, -0.62531, -0.00570, 0.21791, -0.79328, 0.56853, -0.78278, 0.20585, 0.58726, -0.58290, -0.57301, -0.57611
2.440599, 0.511, 0.481, -2.607, 0.24050, 0.68766, -0.65268, -0.20805, 0.06144, -0.79758, -0.60007, -0.99772, -0.03233, -0.05919, 0.02780, 0.60234, -0.79775
2.442515, 0.472, 0.448, -2.425, 0.31464, 0.67100, -0.66684, -0.07810, 0.09846, -0.84574, -0.52443, -0.94403, 0.08733, -0.31809, 0.31482, 0.52639, -0.78981
2.444431, 0.515, 0.496, -2.674, -0.18131, -0.63019, 0.69894, -0.28542, -0.13997, -0.98443, 0.10629, -0.77744, 0.04279, -0.62750, 0.61318, -0.17047, -0.77133
2.446346, 0.589, 0.572, -3.077, -0.11189, -0.68682, 0.71801, -0.01493, -0.03153, -0.98963, -0.14016, -0.98295, 0.05612, -0.17513, 0.18118, 0.13225, -0.97452
2.448262, 0.534, 0.525, -2.817, 0.09011, -0.60300, 0.71473, -0.34268, -0.25655, -0.80021, 0.54208, -0.92372, 0.03793, -0.38117, 0.28446, -0.59852, -0.74891
2.450178, 0.567, 0.562, -3.010, 0.05480, -0.63086, 0.72545, -0.26971, -0.19803, -0.88575, 0.41980, -0.94487, 0.05855, -0.32217, 0.26079, -0.46046, -0.84851
2.452093, 0.553, 0.553, -2.954, -0.16010, -0.67417, 0.71322, 0.10571, -0.03972, -0.92782, -0.37091, -0.99552, 0.06863, -0.06509, 0.08585, 0.36666, -0.92638
2.454009, 0.584, 0.590, -3.145, -0.00003, -0.68042, 0.70896, 0.18550, -0.07406, -0.96477, -0.25247, -0.96479, 0.00524, 0.26298, -0.25239, 0.26306, -0.93118
2.455925, 0.482, 0.492, -2.612, -0.27281, -0.65481, 0.69673, 0.10664, 0.00641, -0.85426, -0.51980, -0.97063, 0.11970, -0.20869, 0.24050, 0.50587, -0.82841
2.457840, 0.513, 0.529, -2.804, -0.20187, -0.66147, 0.70421, 0.16060, -0.04340, -0.86678, -0.49679, -0.99647, 0.07332, -0.04087, 0.07185, 0.49326, -0.86691
2.459756, 0.569, 0.595, -3.144, 0.03172, -0.63338, 0.75073, -0.18500, -0.19565, -0.93926, 0.28197, -0.96273, 0.12921, -0.23759, 0.18673, -0.31795, -0.92954
2.461672, 0.520, 0.548, -2.892, -0.09921, -0.61048, 0.74455, -0.25123, -0.23494, -0.95892, 0.15900, -0.85922, 0.12840, -0.49524, 0.45448, -0.25297, -0.85408
2.463588, 0.530, 0.564, -2.969, -0.17019, -0.63802, 0.74736, -0.07354, -0.12792, -0.97870, -0.16055, -0.92864, 0.17504, -0.32710, 0.34824, 0.10724, -0.93125
2.465503, 0.558, 0.601, -3.157, -0.08694, -0.64695, 0.75734, 0.01834, -0.14780, -0.97673, -0.15542, -0.98311, 0.16225, -0.08471, 0.10795, 0.14028, -0.98421
2.467419, 0.580, 0.630, -3.305, 0.10180, -0.63493, 0.76448, -0.04563, -0.17301, -0.96148, 0.21359, -0.98006, 0.18957, 0.05950, -0.09770, -0.19903, -0.97511
2.469335, 0.550, 0.604, -3.161, 0.23416, -0.59303, 0.75124, -0.17065, -0.18697, -0.81110, 0.55422, -0.97093, 0.23840, 0.02134, -0.14943, -0.53412, -0.83210
2.471250, 0.435, 0.485, -2.525, -0.08462, -0.55019, 0.74337, -0.37087, -0.38027, -0.88074, 0.28229, -0.75522, 0.11951, -0.64449, 0.53389, -0.45827, -0.71060
2.473166, 0.535, 0.601, -3.124, -0.07577, -0.61146, 0.77739, -0.12662, -0.24075, -0.96988, 0.03705, -0.93151, 0.22016, -0.28953, 0.27265, -0.10422, -0.95645
2.475082, 0.531, 0.604, -3.134, -0.07252, -0.60850, 0.78139, -0.11792, -0.24894, -0.96805, 0.03018, -0.93384, 0.23165, -0.27254, 0.25684, -0.09603, -0.96167
2.476997, 0.537, 0.616, -3.192, -0.06664, -0.62866, 0.76738, 0.10708, -0.20069, -0.95058, -0.23691, -0.97912, 0.18664, 0.08056, -0.03236, 0.24813, -0.96819
2.478913, 0.502, 0.583, -3.012, 0.18166, -0.55088, 0.76893, -0.26885, -0.32706, -0.74950, 0.57558, -0.94485, 0.24850, -0.21331, 0.01685, -0.61360, -0.78944
2.480829, 0.495, 0.581, -2.998, 0.00395, -0.56815, 0.78230, -0.25534, -0.35439, -0.88691, 0.29632, -0.89094, 0.22402, -0.39501, 0.28395, -0.40399, -0.86958
2.482744, 0.453, 0.538, -2.766, -0.13688, -0.55449, 0.77338, -0.27510, -0.34761, -0.93298, 0.09335, -0.78235, 0.23372, -0.57732, 0.51681, -0.27372, -0.81117
2.484660, 0.507, 0.608, -3.121, -0.09022, -0.58291, 0.79557, -0.13834, -0.30415, -0.95246, 0.01773, -0.90254, 0.28215, -0.32530, 0.30483, -0.11494, -0.94544
2.486576, 0.468, 0.569, -2.913, -0.06716, -0.54954, 0.78943, -0.26514, -0.38700, -0.90325, 0.18537, -0.83203, 0.25542, -0.49243, 0.39744, -0.34481, -0.85038
2.488492, 0.440, 0.540, -2.758, -0.14171, -0.53845, 0.78428, -0.27365, -0.37997, -0.92216, 0.07242, -0.76704, 0.27036, -0.58185, 0.51698, -0.27664, -0.81006
2.490407, 0.521, 0.646, -3.298, -0.03828, -0.59082, 0.80527, 0.03170, -0.29894, -0.94911, -0.09911, -0.95397, 0.29986, 0.00583, 0.02418, 0.09629, -0.99506
2.492323, 0.503, 0.630, -3.213, 0.01301, -0.58649, 0.77715, 0.22782, -0.31173, -0.91751, -0.24700, -0.90565, 0.20826, 0.36936, -0.28745, 0.33883, -0.89586
2.494239, 0.516, 0.655, -3.330, -0.01028, -0.58269, 0.81198, 0.03252, -0.32074, -0.94559, -0.05460, -0.94693, 0.31884, 0.04083, -0.02120, 0.06480, -0.99767
2.496154, 0.500, 0.642, -3.255, -0.08176, -0.57951, 0.81062, 0.01943, -0.31496, -0.93635, -0.15506, -0.94270, 0.32758, -0.06326, 0.11003, 0.12625, -0.98588
2.498070, 0.432, 0.562, -2.840, -0.17827, -0.53110, 0.79826, -0.22121, -0.37231, -0.92678, -0.04964, -0.76905, 0.33800, -0.54252, 0.51957, -0.16381, -0.83858
2.499986, 0.485, 0.637, -3.221, 0.26343, -0.54133, 0.77009, 0.21102, -0.27513, -0.94492, 0.17727, -0.72256, 0.32487, 0.61022, -0.63420, 0.03980, -0.77215
2.501901, 0.466, 0.618, -3.122, 0.17429, -0.54521, 0.76151, 0.30409, -0.34474, -0.93637, -0.06614, -0.72436, 0.22055, 0.65319, -0.59704, 0.27309, -0.75430
2.503817, 0.472, 0.636, -3.201, 0.35102, -0.50460, 0.78877, -0.00063, -0.24431, -0.79559, 0.55439, -0.79647, 0.49075, 0.35326, -0.55312, -0.35525, -0.75356
2.505733, 0.470, 0.640, -3.216, -0.12903, -0.54763, 0.82605, -0.03297, -0.36690, -0.91326, -0.17706, -0.89624, 0.39802, -0.19579, 0.24928, 0.08685, -0.96453
2.507648, 0.410, 0.564, -2.828, -0.25549, -0.54768, 0.77673, 0.17738, -0.26954, -0.76016, -0.59119, -0.94144, 0.33716, -0.00430, 0.20260, 0.55541, -0.80652
2.509564, 0.485, 0.675, -3.379, 0.09823, -0.54098, 0.80975, 0.20496, -0.39539, -0.91637, -0.06267, -0.83584, 0.33067, 0.43821, -0.38084, 0.22565, -0.89668
2.511480, 0.438, 0.616, -3.080, -0.02611, -0.53872, 0.77020, 0.34043, -0.41820, -0.81207, -0.40701, -0.84762, 0.18778, 0.49627, -0.32658, 0.55252, -0.76685
2.513396, 0.349, 0.497, -2.477, -0.37306, -0.51259, 0.77324, 0.01303, -0.19615, -0.78299, -0.59030, -0.80243, 0.47416, -0.36231, 0.56358, 0.40261, -0.72131
2.515311, 0.375, 0.539, -2.678, -0.33645, -0.52126, 0.78376, 0.02846, -0.23019, -0.79793, -0.55706, -0.83624, 0.45496, -0.30613, 0.49771, 0.39537, -0.77199
2.517227, 0.473, 0.689, -3.416, -0.06301, -0.53159, 0.84441, 0.02024, -0.42688, -0.89521, -0.12793, -0.90032, 0.43400, -0.03281, 0.08489, 0.10118, -0.99124
2.519143, 0.444, 0.654, -3.235, -0.16261, -0.52558, 0.83497, 0.01176, -0.39464, -0.87387, -0.28392, -0.88152, 0.44725, -0.15129, 0.25919, 0.19058, -0.94684
2.521058, 0.414, 0.616, -3.038, -0.24315, -0.51716, 0.82062, 0.00225, -0.34685, -0.84769, -0.40138, -0.84988, 0.46508, -0.24780, 0.39674, 0.25518, -0.88175
2.522974, 0.402, 0.604, -2.973, -0.23984, -0.52371, 0.79852, 0.17483, -0.33641, -0.75253, -0.56616, -0.92025, 0.39032, 0.02800, 0.19991, 0.53043, -0.82382
2.524890, 0.369, 0.562, -2.754, -0.24134, -0.47414, 0.81696, -0.22256, -0.43390, -0.88212, -0.18328, -0.66728, 0.45132, -0.59250, 0.60537, -0.13478, -0.78445
2.526805, 0.430, 0.660, -3.233, -0.16264, -0.51183, 0.84270, 0.03777, -0.42314, -0.85036, -0.31278, -0.87493, 0.47320, -0.10284, 0.23546, 0.23015, -0.94424
2.528721, 0.339, 0.527, -2.572, -0.17143, -0.44768, 0.81885, -0.31572, -0.54039, -0.84141, 0.00194, -0.62492, 0.39981, -0.67054, 0.56343, -0.36357, -0.74187
2.530637, 0.391, 0.612, -2.984, -0.24689, -0.50735, 0.81846, 0.10847, -0.36329, -0.77693, -0.51421, -0.88405, 0.46167, -0.07297, 0.29408, 0.42808, -0.85456
2.532552, 0.342, 0.541, -2.631, -0.32529, -0.49465, 0.79244, 0.14677, -0.29900, -0.68848, -0.66075, -0.87945, 0.46755, -0.08921, 0.37035, 0.55442, -0.74529
2.534468, 0.393, 0.629, -3.051, -0.21175, -0.49828, 0.82939, 0.13778, -0.41375, -0.76820, -0.48855, -0.88489, 0.46546, 0.01753, 0.21394, 0.43957, -0.87236
2.536384, 0.417, 0.675, -3.269, -0.13680, -0.49615, 0.85359, 0.08064, -0.47025, -0.82495, -0.31356, -0.86908, 0.49467, 0.00192, 0.15353, 0.27341, -0.94957
2.538300, 0.400, 0.655, -3.165, -0.18422, -0.48778, 0.85230, 0.04152, -0.45627, -0.81617, -0.35452, -0.84677, 0.52069, -0.10894, 0.27351, 0.25049, -0.92868
2.540215, 0.351, 0.581, -2.796, -0.26297, -0.45007, 0.83801, -0.16131, -0.45657, -0.83916, -0.29555, -0.66948, 0.54284, -0.50707, 0.58595, -0.03365, -0.80965
2.542131, 0.413, 0.690, -3.318, -0.09857, -0.48059, 0.86673, 0.09000, -0.51863, -0.81534, -0.25737, -0.85083, 0.52186, 0.06127, 0.08436, 0.25076, -0.96437
2.544047, 0.389, 0.658, -3.153, -0.18402, -0.46814, 0.86427, -0.00492, -0.49396, -0.81101, -0.31347, -0.80739, 0.56164, -0.18079, 0.32268, 0.16379, -0.93223
2.545962, 0.374, 0.639, -3.059, -0.16822, -0.47450, 0.83169, 0.23420, -0.49310, -0.71048, -0.50207, -0.86806, 0.44000, 0.22993, 0.05755, 0.54920, -0.83370
2.547878, 0.417, 0.722, -3.447, 0.08645, -0.45836, 0.88137, 0.07497, -0.56486, -0.82093, 0.08367, -0.79501, 0.56857, 0.21140, -0.22111, 0.05289, -0.97381
2.549794, 0.378, 0.663, -3.157, -0.08438, -0.43581, 0.88268, -0.15436, -0.60590, -0.79541, -0.01442, -0.74331, 0.57249, -0.34604, 0.28350, -0.19895, -0.93811
2.551709, 0.308, 0.545, -2.588, -0.22724, -0.40762, 0.84495, -0.26127, -0.56442, -0.80758, -0.17101, -0.57011, 0.53117, -0.62677, 0.59700, -0.25626, -0.76021
2.553625, 0.400, 0.717, -3.399, 0.02671, -0.43695, 0.89848, -0.03311, -0.61672, -0.78341, 0.07693, -0.78695, 0.61595, -0.03617, -0.01905, -0.08285, -0.99638
2.555541, 0.332, 0.602, -2.848, -0.25103, -0.42250, 0.86025, -0.13580, -0.51696, -0.79509, -0.31714, -0.65873, 0.60610, -0.44577, 0.54665, -0.02153, -0.83708
2.557456, 0.320, 0.587, -2.770, -0.17492, -0.40532, 0.86377, -0.24295, -0.61024, -0.78519, -0.10524, -0.61521, 0.55339, -0.56150, 0.49913, -0.27791, -0.82076
2.559372, 0.325, 0.605, -2.847, -0.12416, -0.39422, 0.87549, -0.25038, -0.65835, -0.75245, -0.01999, -0.62810, 0.56380, -0.53631, 0.41482, -0.34052, -0.84378
2.561288, 0.334, 0.627, -2.948, -0.17644, -0.41035, 0.87794, -0.17236, -0.60096, -0.78135, -0.16834, -0.65970, 0.60380, -0.44745, 0.45126, -0.15785, -0.87832
2.563204, 0.364, 0.692, -3.248, -0.12434, -0.43137, 0.89140, 0.06223, -0.59692, -0.75357, -0.27536, -0.78452, 0.62009, 0.00367, 0.16799, 0.21821, -0.96133
2.565119, 0.314, 0.603, -2.822, -0.28925, -0.41104, 0.86167, -0.07004, -0.49475, -0.74888, -0.44090, -0.66785, 0.65228, -0.35848, 0.55605, 0.11710, -0.82286
2.567035, 0.287, 0.560, -2.616, -0.16578, -0.37522, 0.86587, -0.28635, -0.66346, -0.74472, -0.07220, -0.55484, 0.55443, -0.62029, 0.50197, -0.37148, -0.78104
2.568951, 0.326, 0.642, -2.991, -0.11288, -0.38579, 0.89436, -0.19631, -0.67685, -0.73439, -0.05045, -0.64575, 0.62526, -0.43825, 0.35339, -0.26405, -0.89744
2.570866, 0.323, 0.643, -2.995, -0.22666, -0.40935, 0.87219, 0.14262, -0.56213, -0.64941, -0.51214, -0.77871, 0.62419, 0.06322, 0.27861, 0.43435, -0.85657
2.572782, 0.352, 0.711, -3.305, 0.07539, -0.36984, 0.91982, -0.10711, -0.71507, -0.66422, 0.21792, -0.69652, 0.70349, -0.14128, -0.05946, -0.25281, -0.96569
2.574698, 0.296, 0.606, -2.808, -0.08908, -0.35401, 0.89007, -0.27297, -0.73348, -0.67883, 0.03469, -0.58156, 0.60032, -0.54900, 0.35185, -0.42286, -0.83510
2.576613, 0.353, 0.730, -3.378, 0.00509, -0.38688, 0.92212, 0.00044, -0.70060, -0.71349, 0.00905, -0.71349, 0.70065, 0.00475, -0.00973, -0.00313, -0.99995
2.578529, 0.329, 0.689, -3.187, 0.31933, -0.34160, 0.86640, 0.17516, -0.56267, -0.70380, 0.43367, -0.48005, 0.70526, 0.52169, -0.67302, 0.08536, -0.73469
2.580445, 0.300, 0.635, -2.927, -0.27043, -0.38140, 0.88374, 0.02006, -0.56280, -0.66327, -0.49328, -0.68496, 0.70826, -0.17084, 0.46269, 0.24173, -0.85293
2.582361, 0.286, 0.615, -2.827, -0.25320, -0.36289, 0.88642, -0.13591, -0.60841, -0.71216, -0.35024, -0.57451, 0.69968, -0.42471, 0.54752, -0.05719, -0.83484
2.584276, 0.287, 0.624, -2.866, -0.28688, -0.36976, 0.88371, -0.00625, -0.56195, -0.65711, -0.50241, -0.64993, 0.72648, -0.22320, 0.51166, 0.20111, -0.83532
2.586192, 0.282, 0.620, -2.842, -0.29488, -0.36690, 0.88004, 0.06286, -0.55686, -0.60871, -0.56514, -0.68285, 0.72286, -0.10574, 0.47288, 0.32703, -0.81819
2.588108, 0.295, 0.657, -3.008, -0.21841, -0.35563, 0.90622, -0.06767, -0.65164, -0.67412, -0.34774, -0.61501, 0.73790, -0.27799, 0.44399, 0.03271, -0.89543
2.590023, 0.324, 0.733, -3.350, -0.04096, -0.35033, 0.93487, 0.04007, -0.75119, -0.65174, -0.10467, -0.65830, 0.75133, 0.04621, 0.04852, 0.10362, -0.99343
2.591939, 0.286, 0.655, -2.989, -0.24146, -0.34758, 0.90544, -0.03264, -0.64177, -0.64518, -0.41457, -0.61365, 0.75625, -0.22696, 0.45995, 0.10874, -0.88126
2.593855, 0.310, 0.720, -3.278, -0.00213, -0.32536, 0.94121, -0.09090, -0.78827, -0.61285, 0.05513, -0.61207, 0.77176, -0.17250, 0.06317, -0.16972, -0.98347
2.595770, 0.271, 0.638, -2.899, -0.24150, -0.32825, 0.90723, -0.10422, -0.66786, -0.64593, -0.36977, -0.54526, 0.76278, -0.34764, 0.50661, -0.03055, -0.86164
2.597686, 0.295, 0.706, -3.203, 0.12758, -0.29338, 0.93622, -0.14539, -0.79530, -0.51225, 0.32420, -0.58644, 0.78558, -0.19737, -0.15358, -0.34709, -0.92517
2.599602, 0.269, 0.651, -2.949, -0.18146, -0.31323, 0.92018, -0.14910, -0.73791, -0.63057, -0.24055, -0.52235, 0.75931, -0.38807, 0.42736, -0.16072, -0.88968
2.601517, 0.266, 0.651, -2.943, -0.27306, -0.32764, 0.90253, 0.05948, -0.63618, -0.55892, -0.53186, -0.62388, 0.77823, -0.07157, 0.45391, 0.28628, -0.84380
