%YAML:1.0
---
R_CG: !!opencv-matrix
   rows: 3
   cols: 3
   dt: d
   data: [ -4.3660306930541992e-01, 8.9912891387939453e-01,
       3.0739635229110718e-02, -6.8077552318572998e-01,
       -3.5252571105957031e-01, 6.4208281040191650e-01,
       5.8815169334411621e-01, 2.5940859317779541e-01,
       7.6601874828338623e-01 ]
T_CG: !!opencv-matrix
   rows: 3
   cols: 1
   dt: d
   data: [ -2.8880732133984566e-02, -9.0090759098529816e-02,
       -1.7903300523757935e+00 ]
cam_exposure_us: 1.7903820675332113e+03
cam_gain: 1.3887399962740746e+01
