%YAML:1.0
---
R_CG: !!opencv-matrix
   rows: 3
   cols: 3
   dt: d
   data: [ -7.9864692687988281e-01, -6.0166859626770020e-01,
       -1.2588679790496826e-02, 4.6012341976165771e-01,
       -6.2397694587707520e-01, 6.3161665201187134e-01,
       -3.8787889480590820e-01, 4.9864619970321655e-01,
       7.7517867088317871e-01 ]
T_CG: !!opencv-matrix
   rows: 3
   cols: 1
   dt: d
   data: [ -4.0109358727931976e-02, -9.1474443674087524e-02,
       -1.8039492368698120e+00 ]
cam_exposure_us: 1.7903820675332113e+03
cam_gain: 1.6887561311559171e+01
