%YAML:1.0
---
R_CG: !!opencv-matrix
   rows: 3
   cols: 3
   dt: d
   data: [ -6.8580460548400879e-01, -6.9724673032760620e-01,
       2.0861288905143738e-01, 5.2720957994461060e-01,
       -2.7834808826446533e-01, 8.0285274982452393e-01,
       -5.0171947479248047e-01, 6.6058266162872314e-01,
       5.5848735570907593e-01 ]
T_CG: !!opencv-matrix
   rows: 3
   cols: 1
   dt: d
   data: [ 9.3228183686733246e-03, 1.3751350343227386e-01,
       -2.7656397819519043e+00 ]
cam_exposure_us: 1.7903820675332113e+03
cam_gain: 7.0815692431530763e+00
