%YAML:1.0
---
R_CG: !!opencv-matrix
   rows: 3
   cols: 3
   dt: d
   data: [ -7.9918074607849121e-01, -6.0104638338088989e-01,
       -7.3126405477523804e-03, 4.6586757898330688e-01,
       -6.2703621387481689e-01, 6.2433397769927979e-01,
       -3.7983894348144531e-01, 4.9554896354675293e-01,
       7.8112328052520752e-01 ]
T_CG: !!opencv-matrix
   rows: 3
   cols: 1
   dt: d
   data: [ -4.0097516030073166e-02, -9.1823689639568329e-02,
       -1.8100248575210571e+00 ]
cam_exposure_us: 1.7903820675332113e+03
cam_gain: 1.6923843738333407e+01
